0 0.888671875 0.6354166671875 0.8916015625 0.6106770828125 0.876953125 0.60546875 0.865234375 0.59375 0.8505859375 0.5950520828125 0.849609375 0.6119791671875 0.8583984375 0.6302083328125 0.8837890625 0.64453125 0.888671875 0.6354166671875
0 0.9375 0.4140625 0.935546875 0.3932291671875 0.923828125 0.3815104171875 0.900390625 0.37890625 0.8955078125 0.3984375 0.8955078125 0.4192708328125 0.9228515625 0.4361979171875 0.9287109375 0.4348958328125 0.9375 0.4140625
0 0.8515625 0.6966145828125 0.8642578125 0.6809895828125 0.876953125 0.6861979171875 0.880859375 0.6692708328125 0.8447265625 0.6432291671875 0.8212890625 0.7356770828125 0.8212890625 0.7486979171875 0.84765625 0.73828125 0.857421875 0.7200520828125 0.8515625 0.6966145828125
0 0.8896484375 0.5690104171875 0.890625 0.5794270828125 0.8994140625 0.58203125 0.927734375 0.44921875 0.908203125 0.4505208328125 0.8955078125 0.4700520828125 0.8857421875 0.4700520828125 0.888671875 0.4895833328125 0.8837890625 0.5065104171875 0.8740234375 0.51171875 0.8623046875 0.5403645828125 0.86328125 0.5598958328125 0.873046875 0.5677083328125 0.880859375 0.5598958328125 0.8896484375 0.5690104171875
0 0.947265625 0.6783854171875 0.9501953125 0.6106770828125 0.9169921875 0.6184895828125 0.9072265625 0.6927083328125 0.9052734375 0.7356770828125 0.9169921875 0.7408854171875 0.9384765625 0.7408854171875 0.947265625 0.6783854171875
0 0.990234375 0.28515625 0.990234375 0.2643229171875 0.986328125 0.2526041671875 0.9619140625 0.25390625 0.9560546875 0.2708333328125 0.953125 0.2994791671875 0.9384765625 0.3138020828125 0.91796875 0.3138020828125 0.9091796875 0.3294270828125 0.908203125 0.3502604171875 0.9384765625 0.3645833328125 0.9775390625 0.375 0.990234375 0.28515625
0 0.7314453125 0.9986979171874999 0.7333984375 0.9947916671874999 0.7880859375 0.7981770828125 0.7607421875 0.8020833328125001 0.75 0.8111979171874999 0.73828125 0.8671875 0.732421875 0.8763020828125001 0.7314453125 0.8958333328125001 0.708984375 0.9700520828125001 0.7041015625 0.9986979171874999 0.7314453125 0.9986979171874999
0 0.958984375 0.5638020828125 0.9765625 0.4075520828125 0.974609375 0.3971354171875 0.9609375 0.3971354171875 0.9501953125 0.390625 0.9423828125 0.3997395828125 0.94140625 0.4075520828125 0.9521484375 0.4114583328125 0.953125 0.41796875 0.9443359375 0.4466145828125 0.9365234375 0.4505208328125 0.9365234375 0.4661458328125 0.931640625 0.47265625 0.9296875 0.48828125 0.9189453125 0.5794270828125 0.9208984375 0.5872395828125 0.93359375 0.5859375 0.958984375 0.5638020828125
0 0.8359375 0.6380208328125 0.83984375 0.6002604171875 0.84765625 0.5872395828125 0.826171875 0.5638020828125 0.8193359375 0.5638020828125 0.81640625 0.58984375 0.802734375 0.61328125 0.765625 0.75390625 0.7626953125 0.7708333328125 0.796875 0.7578125 0.8095703125 0.73046875 0.8359375 0.6380208328125
0 0.892578125 0.9986979171874999 0.9150390625 0.9596354171874999 0.93359375 0.76953125 0.900390625 0.7708333328125 0.8974609375 0.7747395828125 0.876953125 0.9557291671874999 0.8818359375 0.9674479171874999 0.875 0.9817708328125001 0.8759765625 0.9986979171874999 0.892578125 0.9986979171874999
0 0.84375 0.7890625 0.8271484375 0.8020833328125001 0.8095703125 0.7955729171875 0.779296875 0.9361979171874999 0.7666015625 0.9752604171874999 0.7666015625 0.9986979171874999 0.8095703125 0.99609375 0.8544921875 0.7903645828125 0.84375 0.7890625