1 0.73828125 0.734375 0.703125 0.7252604171875 0.7080078125 0.7395833328125 0.728515625 0.7552083328125 0.7412109375 0.7395833328125 0.73828125 0.734375
1 0.8720703125 0.8763020828125001 0.8447265625 0.8723958328125001 0.8408203125 0.8671875 0.8310546875 0.87109375 0.8291015625 0.8880208328125001 0.83203125 0.8919270828125001 0.8720703125 0.8958333328125001 0.8720703125 0.8763020828125001
1 0.794921875 0.4700520828125 0.7783203125 0.4557291671875 0.7724609375 0.4375 0.7548828125 0.4348958328125 0.751953125 0.4388020828125 0.7431640625 0.4830729171875 0.7666015625 0.4986979171875 0.7890625 0.4973958328125 0.794921875 0.4700520828125
1 0.796875 0.4088541671875 0.8046875 0.41015625 0.810546875 0.4166666671875 0.8173828125 0.3763020828125 0.8134765625 0.3567708328125 0.7978515625 0.3489583328125 0.779296875 0.34765625 0.771484375 0.35546875 0.7666015625 0.3697916671875 0.763671875 0.390625 0.7724609375 0.4049479171875 0.791015625 0.4140625 0.796875 0.4088541671875
1 0.859375 0.9231770828125001 0.8271484375 0.9153645828125001 0.8212890625 0.9388020828125001 0.814453125 0.9986979171874999 0.857421875 0.9986979171874999 0.8671875 0.9322916671874999 0.859375 0.9231770828125001
1 0.701171875 0.9075520828125001 0.6650390625 0.9166666671874999 0.6513671875 0.9309895828125001 0.6396484375 0.9869791671874999 0.640625 0.9986979171874999 0.68359375 0.9986979171874999 0.7001953125 0.9296875 0.701171875 0.9075520828125001
1 0.92578125 0.4973958328125 0.919921875 0.48046875 0.888671875 0.4674479171875 0.880859375 0.4674479171875 0.8759765625 0.4973958328125 0.8642578125 0.6028645828125 0.873046875 0.6002604171875 0.9130859375 0.5638020828125 0.92578125 0.4973958328125
1 0.693359375 0.8372395828125001 0.7099609375 0.8372395828125001 0.7109375 0.8567708328125001 0.7158203125 0.8567708328125001 0.71875 0.8294270828125001 0.7255859375 0.81640625 0.7294921875 0.7942708328125 0.7265625 0.78515625 0.6884765625 0.7486979171875 0.685546875 0.7161458328125 0.669921875 0.7044270828125 0.6650390625 0.7552083328125 0.662109375 0.8567708328125001 0.6845703125 0.8580729171874999 0.685546875 0.8450520828125001 0.693359375 0.8372395828125001
1 0.771484375 0.5963541671875 0.783203125 0.5299479171875 0.78125 0.5247395828125 0.7568359375 0.5169270828125 0.7373046875 0.5182291671875 0.7041015625 0.66796875 0.7041015625 0.6927083328125 0.728515625 0.703125 0.7470703125 0.7005208328125 0.771484375 0.5963541671875
1 0.943359375 0.3463541671875 0.9482421875 0.29296875 0.943359375 0.2630208328125 0.9189453125 0.2591145828125 0.9091796875 0.2669270828125 0.8994140625 0.3072916671875 0.8837890625 0.4544270828125 0.923828125 0.4739583328125 0.927734375 0.4674479171875 0.943359375 0.3463541671875
1 0.8896484375 0.7708333328125 0.9052734375 0.640625 0.904296875 0.625 0.8583984375 0.6575520828125 0.85546875 0.6640625 0.8369140625 0.8046875 0.8359375 0.8489583328125001 0.873046875 0.8619791671874999 0.880859375 0.8372395828125001 0.8896484375 0.7708333328125