0 0.52578125 0.4671296296875 0.5166666671875 0.4567129625 0.516015625 0.43356481406249997 0.539453125 0.42314814843750004 0.566796875 0.440509259375 0.5772135421875 0.440509259375 0.5895833328125 0.41851851875 0.584375 0.41041666718750003 0.582421875 0.3953703703125 0.5759114578125 0.4 0.5700520828125 0.4081018515625 0.5231770828125 0.3745370375 0.5225260421875 0.365277778125 0.516015625 0.36180555625 0.5108072921875 0.3664351859375 0.492578125 0.35601851875 0.49583333281249997 0.3432870375 0.48932291718750004 0.3398148140625 0.47955729218750004 0.34444444375 0.46067708281249997 0.334027778125 0.46588541718750004 0.32824074062499997 0.45677083281249997 0.3166666671875 0.44700520781249997 0.32939814843750004 0.441796875 0.353703703125 0.476953125 0.37569444375 0.5055989578125 0.4289351859375 0.5069010421875 0.45555555625000005 0.48020833281249997 0.427777778125 0.46002604218750004 0.440509259375 0.459375 0.45324074062499997 0.47239583281249997 0.4567129625 0.48151041718750004 0.503009259375 0.48932291718750004 0.5041666671875 0.48411458281249997 0.478703703125 0.488671875 0.45439814843750004 0.5049479171875 0.4671296296875 0.5029947921875 0.66273148125 0.50625 0.88148148125 0.51015625 0.9995370375 0.5229166671875001 0.9995370375 0.519921875 0.8641203703125001 0.51796875 0.6511574078125 0.5186197921875 0.48680555625000005 0.5401041671875 0.4671296296875 0.5375 0.46134259218749996 0.52578125 0.4671296296875
2 0.28760722968749997 0.8837145968750001 0.2453125 0.9995370375 0.25 0.9995370375 0.3224571078125 0.7986111109375 0.3936197921875 0.602546296875 0.47257965625000004 0.3799019609375 0.469898896875 0.37717864843750004 0.3615196078125 0.6801470593750001 0.28760722968749997 0.8837145968750001
2 0.44765625 0.76226851875 0.409007353125 0.89460784375 0.37837009843749997 0.99809368125 0.37838541718749996 0.9995370375 0.38125 0.9995370375 0.418359375 0.8756944437499999 0.46393229218750004 0.7206018515625 0.50234375 0.5898148140624999 0.5016927078125 0.5793981484375 0.44765625 0.76226851875
2 0.406640625 0.9949074078125 0.4096354171875 0.9995370375 0.4568780640625 0.8265250546875 0.5013020828125 0.6658496734375 0.5016850484375001 0.65291394375 0.459375 0.8039351859374999 0.428125 0.9208333328125 0.406640625 0.9949074078125
2 0.43351715625000004 0.91843681875 0.4116881125 0.9974128546875001 0.41551776875 0.9946895421875 0.4373468140625 0.9157135078125 0.47104779375000005 0.7931644875 0.5016850484375001 0.6753812640625 0.5016850484375001 0.6658496734375 0.45994178906250005 0.821759259375 0.43351715625000004 0.91843681875
2 0.446537990625 0.9102668843749999 0.4227941171875 0.9994553375 0.427006740625 0.9953703703125001 0.4434742640625 0.9347766890625 0.47487745156249994 0.8163126359374999 0.503599878125 0.7094226578125 0.5020680140625 0.7019335515625 0.4771752453125 0.7965686265625 0.446537990625 0.9102668843749999
2 0.5181525734375 0.6032135078125 0.5434283093750001 0.5126633984375 0.56257659375 0.44185729843750005 0.5598958328125 0.4391339875 0.5338541671875 0.5337690625 0.5181525734375 0.58959695 0.5181525734375 0.6032135078125
2 0.44018817187500003 0.3546893671875 0.4406081984375 0.34722222187499996 0.40616599375 0.43234767031250004 0.3486223109375 0.578703703125 0.2793178765625 0.7519414578125 0.2347950265625 0.8646953406250001 0.1809895828125 0.9995370375 0.18481182812500002 0.9991039421875 0.218413978125 0.914725209375 0.26377688125 0.8019713265625 0.3154401875 0.672789725 0.362063171875 0.5540621265625 0.40910618281250005 0.4360812421875 0.44018817187500003 0.3546893671875
2 0.705225134375 0.0014934281250000001 0.6506216390625 0.0709378734375 0.599378359375 0.1366487453125 0.54561491875 0.20609318906250002 0.4998319890625 0.26359020312500003 0.45824932812499997 0.3143667859375 0.46328965 0.3143667859375 0.52041330625 0.2426821984375 0.5674563171875 0.18369175625 0.6342405906249999 0.09781959375 0.675823253125 0.0448028671875 0.7090053765625 0.0014934281250000001 0.705225134375 0.0014934281250000001
2 0.7270665328125 0.0052270015625 0.72412634375 0.00224014375 0.6930443546875 0.047789725 0.65986223125 0.09557945 0.613239246875 0.1620370375 0.5632560484375 0.2322281953125 0.52587365625 0.285244921875 0.4901713703125 0.3345280765625 0.4947916671875 0.3345280765625 0.5443548390624999 0.26508363125 0.5834173390624999 0.2098267625 0.6220598109375 0.1545698921875 0.6657426078124999 0.0910991640625 0.69766465 0.047043010937500004 0.7270665328125 0.0052270015625
2 0.8102318546875 0.0007467140625000001 0.787550403125 0.0410692953125 0.7522681453125 0.10080645156250001 0.7081653218749999 0.17398446875 0.6640625 0.2508960578125 0.6178595421875 0.32706093125 0.5792170703124999 0.3920250890625 0.5808971765625001 0.397252090625 0.62920026875 0.3166069296875 0.6733030906249999 0.24193548437499998 0.7216061828125 0.1590501796875 0.7648689515625 0.08811230625000001 0.812752015625 0.003733571875 0.8102318546875 0.0007467140625000001
2 0.7543682796875 0.1090203109375 0.6808635749999999 0.2389486265625 0.6350806453125 0.3203405015625 0.5855174734374999 0.40322580625000004 0.5897177421875 0.40770609375 0.6556619625 0.28897849375 0.705225134375 0.20161290312500002 0.773689515625 0.07765830312500001 0.816952284375 0.0029868578125 0.8144321234375 0.00224014375 0.7543682796875 0.1090203109375
2 0.7980510749999999 0.10080645156250001 0.8396337359375 0.020908004687500002 0.8492943546875 0 0.8429939515625 0.005973715625 0.8047715046875 0.079898446875 0.7732694890625 0.139635603125 0.734627015625 0.21132019062500002 0.6964045703124999 0.28375149375 0.663222446875 0.3442353640625 0.61239919375 0.43757467187500004 0.5687163984375 0.5159796890624999 0.5271337359375 0.58915770625 0.519573253125 0.6100657109375 0.519573253125 0.6220131421875 0.5292338703125 0.5981182796875 0.5540154562499999 0.5503285546875001 0.58173723125 0.499551971875 0.622899865625 0.42637395468749995 0.660702284375 0.35618279531249997 0.7048051078124999 0.2762843484375 0.7560483875 0.179958184375 0.7980510749999999 0.10080645156250001
2 0.74344758125 0.22028076406250002 0.743027553125 0.21356033437500002 0.7006048390624999 0.2949522109375 0.6518817203125 0.3867980890625 0.597698253125 0.4905913984375 0.5582157249999999 0.566756271875 0.5220934140625 0.633213859375 0.5262936828125 0.6354540015625 0.5472950265625001 0.5943847078125 0.585097446875 0.5212066906249999 0.6371807796875 0.42114695312499995 0.6817036296875 0.33676822031250003 0.7161458328125 0.27255077656250004 0.74344758125 0.22028076406250002
2 0.77998991875 0.143369175 0.7451276890625 0.2098267625 0.74638776875 0.21356033437500002 0.774949596875 0.15979689375 0.8081317203125 0.09333930625 0.850134409375 0.0112007171875 0.8497143812499999 0.0067204296875 0.8219926078125 0.05973715625 0.77998991875 0.143369175