0 0.4846337671875 0.556480946875 0.4846337671875 0.8282507125 0.48522877500000006 0.9511941765625 0.5322343828125 0.9601192921875 0.5444320406250001 0.9442772125 0.525094290625 0.7385533015625 0.5164666796875 0.4969058015625 0.5087315796875 0.23428427968749999 0.5039715171875 0.102192571875 0.49653392187499995 0.098399396875 0.48344375156249997 0.10018442031250001 0.484931271875 0.1749322625 0.4846337671875 0.556480946875
2 0 0.08919270781250001 0.017071759375000002 0.091796875 0.46672453750000004 0.12586805625 0.46875 0.123046875 0.46643518593750005 0.1193576390625 0.459490740625 0.11805555625 0.0373263890625 0.08680555625 0.013888889062500001 0.0859375 0 0.0859375 0 0.08919270781250001
2 0.1105324078125 0 0.1105324078125 0.0017361109374999999 0.188946759375 0.012369792187500001 0.23640046250000002 0.0169270828125 0.4626736109375 0.0373263890625 0.48668981406249995 0.038628471875 0.4953703703125 0.037109375 0.48987268593750005 0.0329861109375 0.4826388890625 0.0319010421875 0.16753472187500001 0 0.1105324078125 0
2 0 0.029730903125000003 0.1663773140625 0.04578993125 0.3376736109375 0.060980903125 0.48206018593750005 0.07248263906249999 0.4846643515625 0.06922743125 0.48234953750000004 0.06618923593750001 0.46151620312499997 0.06315104218749999 0.3260995375 0.0505642359375 0.0037615734375 0.0234375 0 0.0236545140625 0 0.029730903125000003
2 0.59866898125 0.101128471875 0.8298611109375 0.15581597187500001 0.9881365734375 0.19118923593749998 0.9997106484374999 0.19227430625 0.9997106484374999 0.1842447921875 0.9962384265625 0.18337673593749998 0.5257523140625 0.074652778125 0.5023148140625 0.069878471875 0.5002893515625 0.07118055625 0.4997106484375 0.07248263906249999 0.5017361109375 0.075737846875 0.5176504625 0.08094618125 0.59866898125 0.101128471875
2 0.8298611109375 0.12413194375 0.982928240625 0.16015625 0.9997106484374999 0.16319444375 0.9997106484374999 0.15603298593749998 0.521990740625 0.039496528125 0.509259259375 0.039496528125 0.5098379625 0.04210069375 0.5176504625 0.0451388890625 0.5798611109375 0.061414931250000006 0.8298611109375 0.12413194375
2 0.902777778125 0.22178819375 0.9997106484374999 0.24088541718749998 0.9997106484374999 0.23350694375 0.5179398140625 0.12934027812499999 0.5095486109375 0.1302083328125 0.5153356484375 0.13454861093749998 0.5335648140625 0.14019097187500001 0.579571759375 0.15125868125 0.902777778125 0.22178819375
2 0.46672453750000004 0.31532118124999997 0.46817129687500003 0.314453125 0.44965277812500004 0.30946180624999997 0.38570601875 0.3064236109375 0.38570601875 0.3103298609375 0.3923611109375 0.31163194375000003 0.4479166671875 0.31553819375000003 0.46672453750000004 0.31532118124999997
2 0 0.2873263890625 0.1380208328125 0.29839409687499996 0.2468171296875 0.30230034687499996 0.2554976859375 0.2986111109375 0.2445023140625 0.2951388890625 0.0017361109374999999 0.28038194375000003 0 0.28038194375000003 0 0.2873263890625
2 0.5954861109375 0.33441840312500004 0.970196759375 0.3893229171875 0.9997106484374999 0.390625 0.9997106484374999 0.38628472187499996 0.7867476859375 0.3537326390625 0.5682870375 0.32118055624999997 0.5260416671875 0.3166232640625 0.517071759375 0.31640625 0.515625 0.31727430624999997 0.5159143515625 0.3190104171875 0.5260416671875 0.322265625 0.5486111109375 0.32703993124999997 0.5954861109375 0.33441840312500004
2 1 0.5526425765625 0.491164821875 0.5133765375 0.37747921406249996 0.49997988125 0.228623315625 0.487507153125 0.00023110625000000002 0.4620537890625 0 0.50575430625 0.377004603125 0.5429415578125 0.7206365625 0.5725065296875 1 0.5872891015625 1 0.5526425765625