0 0.4208984375 0.158203125 0.4833984375 0.16015625 0.4931640625 0.158203125 0.49609375 0.1513671875 0.4794921875 0.14453125 0.4208984375 0.14453125 0.4091796875 0.109375 0.40234375 0.1142578125 0.3955078125 0.14453125 0.3466796875 0.142578125 0.3349609375 0.1328125 0.32421875 0.1455078125 0.3369140625 0.154296875 0.396484375 0.1572265625 0.373046875 0.5263671875 0.365234375 0.7763671875 0.365234375 0.8466796875 0.384765625 0.8505859375 0.392578125 0.8427734375 0.3984375 0.5068359375 0.416015625 0.1669921875 0.4208984375 0.158203125
0 0.4228515625 0.775390625 0.427734375 0.7822265625 0.419921875 0.8505859375 0.4404296875 0.85546875 0.443359375 0.8466796875 0.435546875 0.8349609375 0.435546875 0.8056640625 0.443359375 0.7744140625 0.4453125 0.4501953125 0.4423828125 0.4453125 0.4228515625 0.4453125 0.419921875 0.4521484375 0.41015625 0.7353515625 0.40234375 0.7412109375 0.40234375 0.7705078125 0.4228515625 0.775390625
2 0.5986328125 0 0.591796875 0.0166015625 0.513671875 0.3349609375 0.455078125 0.5361328125 0.451171875 0.5712890625 0.4482421875 0.666015625 0.462890625 0.5380859375 0.5234375 0.3388671875 0.6103515625 0 0.5986328125 0
2 0.49609375 0.3173828125 0.5556640625 0 0.544921875 0.0009765625 0.541015625 0.0166015625 0.48828125 0.3056640625 0.443359375 0.5107421875 0.4462890625 0.525390625 0.49609375 0.3173828125
2 0.4931640625 0.333984375 0.4951171875 0.341796875 0.509765625 0.3427734375 0.5068359375 0.3359375 0.4931640625 0.333984375
2 0.4736328125 0.328125 0.4248046875 0.31640625 0.4248046875 0.326171875 0.4697265625 0.337890625 0.48046875 0.3349609375 0.4736328125 0.328125
2 0.9833984375 0.451171875 0.8896484375 0.4375 0.5322265625 0.3515625 0.6787109375 0.3984375 1 0.4658203125 0.9990234375 0.455078125 0.9833984375 0.451171875
2 0.8583984375 0.388671875 1 0.3896484375 0.9990234375 0.375 0.8564453125 0.375 0.7236328125 0.365234375 0.5244140625 0.33984375 0.5244140625 0.34765625 0.5400390625 0.353515625 0.7021484375 0.376953125 0.8583984375 0.388671875
2 0.9736328125 0.552734375 0.9755859375 0.55859375 1 0.5595703125 0.9990234375 0.552734375 0.9736328125 0.552734375
2 0.830078125 0.5341796875 0.7822265625 0.5234375 0.779296875 0.5302734375 0.7900390625 0.53515625 0.8251953125 0.5390625 0.830078125 0.5341796875
2 0.7177734375 0.5234375 0.75 0.5224609375 0.6943359375 0.5078125 0.4853515625 0.4765625 0.4853515625 0.482421875 0.6044921875 0.505859375 0.6708984375 0.51171875 0.7177734375 0.5234375
2 0.32421875 0.0009765625 0.33203125 0.1318359375 0.3369140625 0.134765625 0.33203125 0.0263671875 0.32421875 0.0009765625
2 0.4140625 0.0009765625 0.41015625 0.0009765625 0.4072265625 0.109375 0.412109375 0.1083984375 0.4140625 0.0654296875 0.4140625 0.0009765625
2 0.5126953125 0 0.505859375 0.0029296875 0.486328125 0.1044921875 0.4833984375 0.140625 0.490234375 0.1337890625 0.49609375 0.1064453125 0.5126953125 0
2 0.431640625 0.1650390625 0.423828125 0.1669921875 0.4228515625 0.2265625 0.427734375 0.2236328125 0.431640625 0.1865234375 0.431640625 0.1650390625
2 0.44921875 0.0126953125 0.4462890625 0 0.43359375 0.0048828125 0.427734375 0.1025390625 0.4306640625 0.142578125 0.435546875 0.1396484375 0.44921875 0.0126953125