2 0.54296875 0.5364583328125 0.5439453125 0.5325520828125 0.4384765625 0.5403645828125 0.4384765625 0.5533854171875 0.453125 0.5533854171875 0.5234375 0.5416666671875 0.54296875 0.5364583328125
2 0.7822265625 0.6263020828125 0.771484375 0.6328125 0.73828125 0.6341145828125 0.732421875 0.6393229171875 0.677734375 0.6510416671875 0.6572265625 0.6588541671875 0.708984375 0.6536458328125 0.826171875 0.6263020828125 0.7822265625 0.6263020828125
2 0.505859375 0.0859375 0.521484375 0.09114583281250001 0.521484375 0.07942708281250001 0.513671875 0.07552083281250001 0.5009765625 0.078125 0.408203125 0.1354166671875 0.408203125 0.140625 0.4189453125 0.1393229171875 0.4736328125 0.1106770828125 0.505859375 0.0859375
1 0.54296875 0.13671875 0.5478515625 0.1028645828125 0.5546875 0.09244791718749999 0.552734375 0.05208333281250001 0.5439453125 0.0390625 0.5400390625 0.015625 0.5234375 0.015625 0.5185546875 0.0247395828125 0.5126953125 0.05598958281250001 0.517578125 0.09895833281250001 0.5361328125 0.1341145828125 0.54296875 0.13671875
2 0.591796875 0.1002604171875 0.595703125 0.1080729171875 0.6083984375 0.1106770828125 0.6123046875 0.1197916671875 0.6416015625 0.1236979171875 0.548828125 0.05208333281250001 0.548828125 0.1015625 0.55859375 0.09114583281250001 0.564453125 0.09114583281250001 0.591796875 0.1002604171875
2 0.76171875 0.50390625 0.7744140625 0.4973958328125 0.8251953125 0.4973958328125 0.8994140625 0.4830729171875 0.9052734375 0.4778645828125 0.8232421875 0.4856770828125 0.716796875 0.5065104171875 0.603515625 0.5208333328125 0.599609375 0.5247395828125 0.6015625 0.5286458328125 0.615234375 0.5286458328125 0.76171875 0.50390625
2 0.716796875 0.5638020828125 0.7802734375 0.5533854171875 0.8525390625 0.5325520828125 0.8671875 0.5338541671875 0.8818359375 0.5234375 0.8466796875 0.5247395828125 0.6962890625 0.5494791671875 0.6953125 0.5546875 0.703125 0.5546875 0.703125 0.5651041671875 0.716796875 0.5638020828125
2 0.8642578125 0.5677083328125 0.8720703125 0.5598958328125 0.865234375 0.5559895828125 0.619140625 0.59375 0.6181640625 0.6015625 0.654296875 0.6002604171875 0.7578125 0.5872395828125 0.8642578125 0.5677083328125
2 0.216796875 0.7330729171875 0.3798828125 0.7083333328125 0.373046875 0.703125 0.33203125 0.7044270828125 0.2216796875 0.72265625 0.1865234375 0.7083333328125 0.1826171875 0.72265625 0.1650390625 0.7174479171875 0.1591796875 0.7200520828125 0.1552734375 0.7291666671875 0.04296875 0.7434895828125 0.037109375 0.7473958328125 0.08984375 0.7473958328125 0.158203125 0.734375 0.216796875 0.7330729171875
2 0.330078125 0.5690104171875 0.390625 0.5598958328125 0.4013671875 0.5533854171875 0.40234375 0.5481770828125 0.0322265625 0.5950520828125 0.0146484375 0.6002604171875 0.169921875 0.58984375 0.302734375 0.5690104171875 0.330078125 0.5690104171875
2 0.7744140625 0.16796875 0.9990234375 0.19921875 0.9990234375 0.1822916671875 0.9892578125 0.1796875 0.8951822921874999 0.171875 0.6708984375 0.1302083328125 0.658203125 0.1354166671875 0.67578125 0.1484375 0.7177734375 0.15234375 0.7744140625 0.16796875
2 0 0.328125 0.025390625 0.32421875 0.0498046875 0.3111979171875 0.1376953125 0.2825520828125 0.1494140625 0.2721354171875 0.2294921875 0.24479166718749998 0.357421875 0.22395833281250002 0.359375 0.20442708281250002 0.3447265625 0.203125 0.3369140625 0.1848958328125 0.3583984375 0.1731770828125 0.361328125 0.1653645828125 0.3359375 0.1731770828125 0.29296875 0.203125 0.28125 0.20442708281250002 0.279296875 0.20963541718749998 0.251953125 0.22265625 0.2197265625 0.22916666718749998 0.0380859375 0.2994791671875 0.0029296875 0.30859375 0 0.3098958328125 0 0.328125
2 0 0.6614583328125 0.017578125 0.6614583328125 0.0583984375 0.6549479171875 0.123046875 0.6536458328125 0.2021484375 0.640625 0.3740234375 0.6302083328125 0.388671875 0.62109375 0.3681640625 0.6145833328125 0.2900390625 0.625 0.23828125 0.6080729171875 0.0029296875 0.6315104171875 0 0.6328125 0 0.6614583328125
1 0.58203125 0.8567708328125001 0.58203125 0.8294270828125001 0.5751953125 0.8216145828125001 0.5712890625 0.8294270828125001 0.5712890625 0.8658854171874999 0.580078125 0.8645833328125001 0.58203125 0.8567708328125001
1 0.572265625 0.8971354171874999 0.560546875 0.91796875 0.564453125 0.99609375 0.58984375 0.9986979171874999 0.5810546875 0.8932291671874999 0.572265625 0.8971354171874999
1 0.544921875 0.5182291671875 0.5546875 0.5182291671875 0.564453125 0.5 0.564453125 0.4674479171875 0.5537109375 0.2513020828125 0.55078125 0.23567708281250002 0.541015625 0.23046875 0.5302734375 0.23567708281250002 0.5283203125 0.2630208328125 0.541015625 0.4557291671875 0.541015625 0.5130208328125 0.544921875 0.5182291671875