0 0.533203125 0.9111328125 0.533203125 0.8388671875 0.517578125 0.0361328125 0.515625 0.0009765625 0.4814453125 0 0.486328125 0.8701171875 0.48828125 0.9111328125 0.5205078125 0.91796875 0.533203125 0.9111328125
0 0.5361328125 0.234375 0.55078125 0.9052734375 0.5634765625 0.919921875 0.58984375 0.9208984375 0.58984375 0.7646484375 0.568359375 0.2490234375 0.5634765625 0.23828125 0.5361328125 0.234375
1 0.6259765625 0.34765625 0.5751953125 0.34765625 0.5771484375 0.353515625 0.5947265625 0.35546875 0.634765625 0.3525390625 0.6259765625 0.34765625
1 0.9990234375 0.375 0.8916015625 0.37109375 0.888671875 0.3759765625 0.8994140625 0.380859375 1 0.3876953125 0.9990234375 0.375
1 0.482421875 0.3486328125 0.0009765625 0.369140625 0.0009765625 0.37890625 0.0478515625 0.37890625 0.4677734375 0.357421875 0.482421875 0.3486328125
1 0.4755859375 0.328125 0.48046875 0.3212890625 0.4130859375 0.318359375 0.0009765625 0.337890625 0.0009765625 0.349609375 0.1162109375 0.34765625 0.4541015625 0.330078125 0.4755859375 0.328125
1 0.4794921875 0.326171875 0.48046875 0.3212890625 0.4345703125 0.318359375 0.0029296875 0.337890625 0.0009765625 0.349609375 0.1337890625 0.345703125 0.4677734375 0.328125 0.4794921875 0.326171875
1 0.4501953125 0.298828125 0.48046875 0.2919921875 0.4599609375 0.287109375 0.3603515625 0.296875 0.0009765625 0.314453125 0.0009765625 0.322265625 0.1630859375 0.31640625 0.2275390625 0.30859375 0.4501953125 0.298828125
1 0.48046875 0.2919921875 0.4482421875 0.2890625 0.0009765625 0.314453125 0.0009765625 0.322265625 0.1923828125 0.314453125 0.4736328125 0.296875 0.48046875 0.2919921875
1 0.0009765625 0.255859375 0.0009765625 0.265625 0.478515625 0.2568359375 0.4658203125 0.251953125 0.0009765625 0.255859375
1 0.8427734375 0.3359375 0.8427734375 0.341796875 0.8623046875 0.34375 0.939453125 0.3427734375 0.8427734375 0.3359375
1 0.8115234375 0.33203125 0.5712890625 0.318359375 0.5712890625 0.326171875 0.5947265625 0.328125 0.8203125 0.3388671875 0.8115234375 0.33203125
1 0.865234375 0.3076171875 0.8291015625 0.30078125 0.5732421875 0.28515625 0.5732421875 0.291015625 0.5849609375 0.294921875 0.7880859375 0.30859375 0.865234375 0.3076171875