1 0.2015625 0.225 0.371875 0.45
1 0.54765625 0.3734375 0.04453125 0.32421875
0 0.5765625 0.378125 0.0171875 0.32265625
1 0.6984375 0.21640625 0.26328125 0.42734375
1 0.51796875 0.1453125 0.0921875 0.290625
1 0.4859375 0.38984375 0.15859375 0.128125
1 0.425 0.4890625 0.05546875 0.1078125
0 0.3921875 0.51171875 0.01875 0.22890625
0 0.51171875 0.55859375 0.003125 0.0765625
0 0.521875 0.55078125 0.00703125 0.11640625
0 0.45546875 0.5671875 0.00390625 0.07890625
0 0.46640625 0.5671875 0.003125 0.04140625