1 0.16640625 0.21328125 0.33203125 0.4234375
0 0.3203125 0.47890625 0.02421875 0.28046875
0 0.378125 0.50703125 0.01328125 0.190625
1 0.35234375 0.4046875 0.05078125 0.10390625
0 0.50625 0.52109375 0.01875 0.13046875
0 0.5265625 0.478125 0.015625 0.24140625
0 0.56953125 0.4015625 0.03515625 0.45
1 0.6484375 0.1765625 0.17734375 0.35234375
1 0.4953125 0.18125 0.115625 0.36015625
1 0.45 0.42421875 0.2078125 0.05078125
1 0.40390625 0.4796875 0.05390625 0.08359375
0 0.43125 0.5265625 0.00625 0.0921875