1 0.65703125 0.0890625 0.14453125 0.178125
1 0.3546875 0.4484375 0.06484375 0.0796875
0 0.3890625 0.4640625 0.02890625 0.1796875
1 0.48671875 0.23984375 0.1875 0.46953125
1 0.14921875 0.315625 0.2953125 0.30078125
0 0.3234375 0.48046875 0.01484375 0.09296875
0 0.58984375 0.3375 0.0453125 0.675
0 0.2875 0.47890625 0.01171875 0.0546875
1 0.18359375 0.0484375 0.36640625 0.09609375
1 0.865625 0.2078125 0.26796875 0.22890625
1 0.69140625 0.340625 0.159375 0.3234375
1 0.259375 0.45 0.046875 0.0546875
1 0.30625 0.465625 0.02578125 0.03203125