2 0.6484375 0.178125 0.33359375 0.35625
0 0.3734375 0.465625 0.02265625 0.15078125
2 0.4203125 0.278125 0.11328125 0.259375
2 0.33984375 0.4609375 0.06171875 0.065625
0 0.3109375 0.4859375 0.0140625 0.08828125
2 0.07421875 0.15390625 0.05625 0.03203125
0 0.45546875 0.378125 0.06328125 0.5109375
0 0.09453125 0.3515625 0.04921875 0.46953125
2 0.453125 0.06875 0.05546875 0.13671875
0 0.27578125 0.49375 0.01328125 0.078125
2 0.05078125 0.22734375 0.1015625 0.1734375
2 0.42109375 0.453125 0.09921875 0.08359375
2 0.23359375 0.21640625 0.265625 0.175
2 0.24921875 0.453125 0.0390625 0.05
2 0.29375 0.4765625 0.0265625 0.0390625
2 0.6203125 0.4203125 0.159375 0.1375