0 0.4462890625 0 0.44921875 0.22012973125 0.4521484375 0.22577408281250003 0.4716796875 0.229536984375 0.517578125 0.231418434375 0.51953125 0.12605719531249998 0.513671875 0.043273365625 0.515625 0.0056443515625 0.5126953125 0 0.4462890625 0
0 0.6494140625 0 0.646484375 0.009407253124999999 0.6484375 0.0696136765625 0.65625 0.0809023796875 0.658203125 0.10724268906250001 0.650390625 0.1298200984375 0.65625 0.2502329421875 0.6591796875 0.25587729375 0.71875 0.2615216453125 0.720703125 0.2464700390625 0.708984375 0.0056443515625 0.7060546875 0 0.6494140625 0
0 0.724609375 0.603945671875 0.73046875 0.592656965625 0.73046875 0.5023473328125 0.7265625 0.4308522078125 0.7216796875 0.42520785625 0.7177734375 0.42897075625000003 0.6708984375 0.4176820515625 0.6630859375 0.41015625 0.662109375 0.49858443281250003 0.671875 0.9877616109374999 0.6748046875 0.9971688656250001 0.740234375 0.9952874140624999 0.7421875 0.9501325984375001 0.736328125 0.8974519781250001 0.732421875 0.622760178125 0.724609375 0.603945671875
0 0.52734375 0.965184203125 0.5234375 0.9576584 0.52734375 0.9538954984375 0.525390625 0.9463696953125 0.529296875 0.9388438921875 0.529296875 0.9012148796874999 0.525390625 0.8974519781250001 0.529296875 0.8936890765625 0.529296875 0.6942553046875 0.525390625 0.6904924015625 0.529296875 0.675440796875 0.529296875 0.641574684375 0.515625 0.6265230796875 0.517578125 0.603945671875 0.5224609375 0.605827121875 0.529296875 0.5851311640625 0.525390625 0.5098731359374999 0.525390625 0.41203770000000006 0.5224609375 0.40263044687500005 0.5166015625 0.3988675453125 0.4560546875 0.39134174375 0.453125 0.3969860953125 0.453125 0.419563503125 0.45703125 0.49858443281250003 0.45703125 0.6189972765625 0.4609375 0.660389190625 0.4609375 0.7883278375 0.466796875 0.9915245125000001 0.517578125 0.9915245125000001 0.5224609375 0.9896430609375001 0.525390625 0.980235809375 0.5234375 0.97647290625 0.52734375 0.965184203125
2 0 0.238093946875 0.20347739687500002 0.20940229999999999 0.35250818906250003 0.1881952890625 0.4494654859375 0.1887911078125 0.4484064390625 0.1557613578125 0.391385771875 0.153266234375 0.3239981328125 0.159503575 0 0.2044123875 0 0.238093946875
2 0.6538096125 0.2518162546875 0.5216258859375 0.198175046875 0.51903405625 0.2218769140625 0.5650390484375001 0.24433128750000002 0.6538096125 0.2518162546875
2 1 0.402759659375 0.7795137296875 0.3129421015625 0.7795137296875 0.3441287375 1 0.431451371875 1 0.402759659375
2 0.00048589375000000003 0.064282590625 0.4438707203125 0.017292503125 0.4445186609375 0 0 0.024777271875 0.00048589375000000003 0.064282590625
2 0.5170901671875 0 0.5216258859375 0.014797579687500001 0.5792941468749999 0.02228228125 0.6460341921875 0.064696171875 0.6434421546875 0.029767117187499997 0.586421903125 0 0.5170901671875 0
2 1 0.22437183749999998 0.716661878125 0.059706325000000005 0.71471778125 0.095882875 1 0.256806103125 1 0.22437183749999998
2 0.9991722078124999 0.577404928125 0.5242954171875 0.60381950625 0.5242175765625 0.6285509484375 1 0.59362189375 0.9991722078124999 0.577404928125