0 0.5017803734374999 1 0.4562028140625 0.16064453125 0.3967895515625 0.1484375 0.3845809359375 1 0.5017803734374999 1
2 0.9994791671875 0.24296875 0.9119791671874999 0.2265625 0.8260416671874999 0.2125 0.8161458328125001 0.2125 0.8255208328125001 0.216796875 0.8614583328125001 0.224609375 0.9994791671875 0.248046875 0.9994791671875 0.24296875
2 0.9994791671875 0.229296875 0.9994791671875 0.223828125 0.990625 0.221875 0.8286458328125 0.194140625 0.8296875 0.1984375 0.8447916671875 0.20234375 0.9307291671875 0.219140625 0.9994791671875 0.229296875
2 0.8729166671874999 0 0.5171875 0.896484375 0.5171875 0.908984375 0.5213541671875 0.906640625 0.5291666671875 0.89609375 0.5927083328125 0.767578125 0.6541666671875 0.623046875 0.8223958328125001 0.193359375 0.884375 0.021875 0.8901041671875 0 0.8729166671874999 0
2 0 0.07421875 0.44687843281250006 0.149439915625 0.7921678734375 0.21110687499999997 0.7953125 0.192578125 0.7973958328124999 0.18984375 0.514466971875 0.0773115921875 0.377085909375 0.10924629374999999 0.0026041671875 0.06328125 0 0.06328125 0 0.07421875
2 0.35885416718749996 0.321875 0.3401041671875 0.316796875 0.2848958328125 0.309765625 0.2901041671875 0.315234375 0.3473958328125 0.32578125 0.359375 0.326171875 0.35885416718749996 0.321875
2 0 0.2734375 0.2036458328125 0.302734375 0.225 0.303515625 0.2265625 0.301171875 0.225 0.29765625 0.010416667187500001 0.268359375 0 0.268359375 0 0.2734375
2 0.9994791671875 0.431640625 0.9994791671875 0.42578125 0.9973958328125001 0.425390625 0.7546875 0.384375 0.75 0.385546875 0.7484375 0.388671875 0.7505208328124999 0.390234375 0.7614583328125 0.39296875 0.9994791671875 0.431640625
2 0.6885416671875 0.38125 0.7229166671875 0.3859375 0.728125 0.384765625 0.725 0.380859375 0.7166666671875 0.378515625 0.4546875 0.323828125 0.453125 0.325 0.45208333281249996 0.3390625 0.45520833281249995 0.34140625 0.4734375 0.345703125 0.6885416671875 0.38125
2 0 0.875 0.3692708328125 0.999609375 0.3848958328125 0.999609375 0.390625 0.73984375 0.3885416671875 0.5 0.0041666671875 0.476171875 0 0.476953125 0 0.875
2 0.8989583328125 0.946875 0.99375 0.969921875 0.9994791671875 0.969140625 0.9994791671875 0.58203125 0.9947916671874999 0.55859375 0.5447916671875 0.499609375 0.45885416718750005 0.50390625 0.46302083281249995 0.689453125 0.4739583328125 0.814453125 0.4895833328125 0.8421875 0.8989583328125 0.946875
2 0.78125 0.9390625 0.7796875 0.934375 0.5375 0.843359375 0.53125 0.84453125 0.48802083281249997 0.8765625 0.4859375 0.88046875 0.4869791671875 0.942578125 0.49010416718750005 0.950390625 0.78125 0.9390625
2 0 0.7734375 0.0036458328125000003 0.7828125 0.0317708328125 0.787109375 0.1505208328125 0.794921875 0.3416666671875 0.806640625 0.346875 0.805078125 0.3807291671875 0.7765625 0.3848958328125 0.767578125 0.3885416671875 0.73828125 0.3869791671875 0.501171875 0.3713541671875 0.498046875 0.0046875 0.4765625 0 0.47734375 0 0.7734375