1 0.5420582406250001 0.1484375 0.5272754468749999 0.763671875 0.5695534265625 0.76611328125 0.566301275 0.1484375 0.5420582406250001 0.1484375
2 0 0.38515625 0.033298646875 0.38828125 0.48491154999999997 0.4203125 0.528616025 0.42265625 0.5317377734375001 0.41953125 0.526534859375 0.415625 0.4703433921875 0.41015625 0.00416233125 0.378125 0 0.378125 0 0.38515625
2 0 0.328125 0.5244536937500001 0.36328125 0.5390218515625 0.3609375 0.526534859375 0.3546875 0.43912591093750003 0.34765625 0.006243496875 0.3203125 0 0.3203125 0 0.328125
2 0.5431841828125 0.28671875 0.5234131109375 0.28125 0.0031217484375 0.25390625 0 0.26328125 0.070759625 0.26875 0.528616025 0.29140625 0.5431841828125 0.28671875
2 0.9989594171875 0.225 0.986472425 0.22109375 0.8095733609375 0.1734375 0.5754422484374999 0.1203125 0.55463059375 0.13046875 0.5494276796875 0.14609375 0.5639958375 0.18359375 0.9989594171875 0.2609375 0.9989594171875 0.225
2 0.9989594171875 0.2 0.9916753375 0.19765625 0.5983350671875 0.1046875 0.5785639953125 0.1046875 0.579604578125 0.11640625 0.986472425 0.2078125 0.9989594171875 0.2078125 0.9989594171875 0.2
2 0.9989594171875 0.375 0.9989594171875 0.36640625 0.9854318421875 0.3625 0.614984390625 0.2921875 0.5650364203125 0.28359375 0.5608740890624999 0.2859375 0.5639958375 0.29453125 0.5910509890625 0.3015625 0.9177939640625 0.36328125 0.9989594171875 0.375
2 0.5379812687500001 0.10625 0.54630593125 0.10390625 0.544224765625 0.09765625 0.5338189390625 0.09609375 0.002081165625 0.04609375 0 0.05703125 0.0874089484375 0.06640625 0.447450571875 0.1 0.5379812687500001 0.10625
2 0.544224765625 0.1359375 0.54630593125 0.13125 0.544224765625 0.12578125 0.4942767953125 0.11953125 0.0031217484375 0.0703125 0 0.08046875 0.013527575 0.08203125 0.447450571875 0.128125 0.544224765625 0.1359375
2 0.5379812687500001 0.165625 0.5369406875 0.15703125 0.5171696156250001 0.15078125 0.002081165625 0.1078125 0 0.11796875 0.0166493234375 0.1203125 0.5369406875 0.16796875 0.5379812687500001 0.165625
2 0.9989594171875 0.41640625 0.61186264375 0.36171875 0.5629552546875 0.3578125 0.557752340625 0.36015625 0.5629552546875 0.42421875 0.9989594171875 0.4609375 0.9989594171875 0.41640625