1 0.611749459375 0 0.5913040890625 0.0002507328125 0.598876515625 0.28827565625 0.6003910203125 0.469750025 0.6012405578125 0.7340500171875 0.6272727890625001 0.730676096875 0.6227294234375 0.3622242390625 0.6162929765625 0.10375800312500001 0.611749459375 0
1 0.33595889687499997 0.5042707281250001 0.340444921875 0.30004776875 0.36353979375 0.29974614375 0.3637738828125 0.289126915625 0.33462966562499996 0.286774809375 0.330143640625 0.503365690625 0.33595889687499997 0.5042707281250001
1 0.34342463749999996 0.401983146875 0.3426048796875 0.5344365140625 0.3464263765625 0.5305150234375 0.3479216734375 0.399595146875 0.34342463749999996 0.401983146875
1 0.4429974625 0.4284646875 0.4412221890625 0.550203884375 0.44600190624999997 0.55193948125 0.44791378281250005 0.42697700312500003 0.44941594062499995 0.4217702484375 0.445045978125 0.41829913750000003 0.4297508609375 0.4262331796875 0.43357463125000006 0.42970437187500005 0.4429974625 0.4284646875
2 0.3614194328125 0.3912134625 0.34744926875000004 0.40164092343749996 0.3471388546875 0.42672296249999997 0.3788045328125 0.39741354375000004 0.41497178281249997 0.3526039296875 0.4611516296875 0.2934364921875 0.60225026875 0.40447409062500006 0.7288256468750001 0.47861548593750003 0.73099879375 0.4698790296875 0.7679421390625001 0.37941434531249996 0.8309464515625 0.20297178124999998 0.877739215625 0.2559542515625 0.9179421953125001 0.29484559374999997 0.945106409375 0.31598219375 0.9610945640624999 0.32330956718750004 0.9896177734375 0.33768241250000003 0.9922565609375 0.3072457375 0.9733192453124999 0.2878000671875 0.9588834703125 0.31034574843749996 0.8898087109375 0.25820881875 0.8084712578125 0.1618258640625 0.680393425 0.00037880156250000004 0.6110395625 0.000660615625 0.595822390625 0.037109156250000004 0.523672275 0.150120753125 0.462203503125 0.24509461406250002 0.3881179828125 0.35964949375 0.3614194328125 0.3912134625
2 0.773130428125 0.001447428125 0.6116020953125 0 0.6169134765625001 0.11566045625000002 0.773130428125 0.001447428125
2 0.338278446875 0.3542062765625 0.3386618265625 0.3919752015625 0.3729663015625 0.35646571875 0.4141007109375 0.2930558703125 0.52429314375 0.131890621875 0.59724853125 0.023301123437499998 0.5963172078125 0.0016008765625000001 0.5362417421875 0 0.46882829375 0.16590728593749998 0.43192762343749996 0.222752275 0.36427659375 0.3232460359375 0.338278446875 0.3542062765625
2 0.3520855984375 0.29590202187500003 0.364621640625 0.2913499953125 0.43607674531249996 0.1434094984375 0.5027682 0.0018418890625 0.43323373125 0 0.4112555203125 0.07467413125 0.3738982171875 0.19484731875 0.3420568109375 0.290439571875 0.3520855984375 0.29590202187500003
2 0.43232398281249995 0.4272729875 0.44708024999999996 0.41841458593749997 0.41518764687500004 0.37585121875 0.38531808125 0.3291826890625 0.3619936453125 0.2909404578125 0.3453930375 0.2921678953125 0.35616253593749997 0.318682209375 0.37651191875 0.349794546875 0.40899953125 0.401000253125 0.43232398281249995 0.4272729875
2 0.3878171375 0.49727576874999996 0.4049534578125 0.49554726562500007 0.424588865625 0.48690492656249995 0.44279618281250005 0.475021759375 0.4419510921875 0.4590113921875 0.42708790625 0.4668115453125 0.39936035 0.47458969218749997 0.3842471 0.4765341703125 0.3878171375 0.49727576874999996
2 0.4433912234375 0.446502175 0.4422012046875 0.427921146875 0.4139976296875 0.41863069062499997 0.3817480421875 0.39205554062500003 0.3391452140625 0.3512206203125 0.3402162421875 0.36785706875 0.339264234375 0.368073103125 0.36663472812500003 0.39529641249999997 0.39936035 0.42035912187499996 0.4224468234375 0.4385079796875 0.4433912234375 0.446502175
2 0.442915171875 0.453416025 0.3982893375 0.440020390625 0.3775829640625 0.42489633906249996 0.34926043125 0.39983362968749997 0.34771337343750003 0.43008173125000004 0.442320178125 0.4700524875 0.442915171875 0.453416025