0 0.4013671875 0.6 0.40234375 0.4859375 0.400390625 0.4859375 0.400390625 0.5015625 0.3984375 0.5078125 0.3984375 0.5953125 0.4013671875 0.6
0 0.41796875 0.5109375 0.416015625 0.5046875 0.4150390625 0.490625 0.4140625 0.5359375 0.416015625 0.5421875 0.4169921875 0.56875 0.41796875 0.5109375
0 0.265625 0.6109375 0.265625 0.6359375 0.2685546875 0.640625 0.271484375 0.6328125 0.26953125 0.6203125 0.271484375 0.6171875 0.271484375 0.5046875 0.2734375 0.4984375 0.2734375 0.4484375 0.275390625 0.4421875 0.275390625 0.4109375 0.279296875 0.3703125 0.28125 0.3640625 0.279296875 0.3546875 0.279296875 0.3203125 0.28125 0.3140625 0.28125 0.2921875 0.283203125 0.2859375 0.2822265625 0.259375 0.279296875 0.2609375 0.275390625 0.2921875 0.267578125 0.4234375 0.267578125 0.4734375 0.265625 0.4796875 0.265625 0.5453125 0.263671875 0.5515625 0.263671875 0.6046875 0.265625 0.6109375
0 0.4248046875 0.503125 0.423828125 0.5671875 0.4267578125 0.56875 0.427734375 0.5109375 0.4248046875 0.503125
1 0 0.30209177187499997 0.152803321875 0.38749035 0.26845285625000004 0.442358671875 0.27085506875 0.37267583437499996 0.0927479765625 0.2069736546875 0 0.1120514390625 0 0.30209177187499997
1 0.19501375468749998 0.1444237421875 0.1328992859375 0.0489529046875 0.082522790625 0.0484499734375 0.1692756546875 0.1652736734375 0.27497306093749996 0.3002497546875 0.2797774890625 0.2651339734375 0.19501375468749998 0.1444237421875
1 0.36419824375 0.46211118281249997 0.400231340625 0.5049084374999999 0.399888178125 0.48570453281250003 0.3892498328125 0.474182190625 0.370375359375 0.4451020609375 0.3525303375 0.4110836421875 0.45479593124999995 0.4248007078125 0.46062999375 0.40669425312499996 0.347725909375 0.402853471875 0.28608474375 0.27519036875 0.2780617109375 0.4050481375 0.332969465625 0.40998630937499997 0.36419824375 0.46211118281249997
1 0.3985155265625 0.5219176171875 0.347039475 0.4829612609375 0.27703211250000004 0.40669425312499996 0.27647710000000003 0.4452456640625 0.33434215312500004 0.5032623796875 0.3617960296875 0.5246611828125001 0.39817243593749996 0.540572971875 0.3985155265625 0.5219176171875
1 0.4078125 0.51484375 0.00859375 0.05234375
1 0.4203125 0.51875 0.00625 0.04453125
