2 0.6712221031250001 0 0.60828095625 0.131000296875 0.5226332890625 0.29140857656249997 0.520243021875 0.380362103125 0.560079296875 0.34317657343749997 0.659271359375 0.22505791562500002 0.759260078125 0.1069391015625 0.843723334375 0 0.8425178609374999 0 0.6712221031250001 0
2 0.54921021875 0 0.4711350546875 0.0003286140625 0.4630817546875 0.1086775796875 0.525046396875 0.109553390625 0.5262426921875 0.081965975 0.54921021875 0
2 0.5238501796875 0.22559572499999997 0.549449534375 0.1708587328125 0.6163987078125001 0.0003286140625 0.602083546875 0 0.5228932515625 0.191439821875 0.5238501796875 0.22559572499999997
2 0.45841514375000003 0.3723374171875 0.4694585359375 0.3405205453125 0.49624917343749997 0.219616890625 0.5187450265625 0.11780319218749999 0.45923312968749996 0.11480866406250001 0.450848284375 0.23683536875 0.4400093515625 0.3700915171875 0.45841514375000003 0.3723374171875
0 0.517495984375 0.1671285140625 0.5136956984375 0.3366361875 0.5092439109375 0.538210465625 0.50609513125 0.6177805453125 0.5159758703125 0.6201653125 0.5198847078125 0.49317365625000004 0.52281638125 0.3747999125 0.526399490625 0.15306353125 0.5273767234375 0.0762109796875 0.5237935671875 0.0770059328125 0.52390214375 0.0782939546875 0.45918873437499996 0.10075103125 0.4590801578125 0.12082325625000001 0.49404277343749997 0.1224131296875 0.517495984375 0.1671285140625
2 0.4664489234375 0.3693001 0.4528335640625 0.410834103125 0.4528335640625 0.42375580468749996 0.457876334375 0.41729495468750005 0.4649361515625 0.40489887812500003 0.47569392656250004 0.3796707125 0.4968733765625 0.3116779578125 0.5160159453125 0.24319511875000002 0.516708140625 0.2139319890625 0.49636910156249997 0.27792517656250004 0.4664489234375 0.3693001
2 0.469249878125 0.423751634375 0.459797471875 0.438246915625 0.45111148125 0.44806634531249995 0.448556771875 0.476823246875 0.45417715468750003 0.47845981875000004 0.46145803281250003 0.47471914687499994 0.47001629375 0.4646659265625 0.4826621203125 0.44666363750000004 0.5004172828125 0.413932203125 0.514851403125 0.3833048921875 0.5157299140625 0.31908673906249996 0.5014392015625 0.35174242499999997 0.47972417656250005 0.40130718125 0.469249878125 0.423751634375
2 0.44029588906250006 0.373058 0.4402888609375 0.3721529828125 0.4309580546875 0.4404567140625 0.43790714218750004 0.44840610468750003 0.45137103749999996 0.37825265625000004 0.44029588906250006 0.373058
0 0.45006805156249996 0.38478334531249997 0.44800506875 0.5063350828125001 0.4526739625 0.5043477296875001 0.4550627109375 0.38470924375000004 0.46049171875 0.3785484453125 0.4655949296875 0.3777534984375 0.4655949296875 0.3711952421875 0.4532081984375 0.3599662875 0.4404045 0.36828835781249997 0.44062162968749996 0.377231434375 0.44485623125 0.37743014218750004 0.45006805156249996 0.38478334531249997
0 0.43192928906250005 0.4375546671875 0.4326953203125 0.498385628125 0.43530123125 0.49600086093750007 0.43660421562499996 0.43876512968750003 0.43192928906250005 0.4375546671875
2 0.5879929109375001 0.39487959687499996 0.653081215625 0.418839065625 0.7063518359375001 0.4358104359375 0.7618041796874999 0.446126434375 0.84380093125 0.4501196078125 0.844709996875 0.4294878609375 0.794348340625 0.4258272703125 0.717112309375 0.41418026250000006 0.6462059796874999 0.393548515625 0.588300459375 0.3669267046875 0.5250302296875 0.3266613171875 0.5240899890625 0.3516192484375 0.5512670703125 0.3705871890625 0.5879929109375001 0.39487959687499996
2 0.663567909375 0.1931736703125 0.6948601734375 0.247206315625 0.738747996875 0.3178090375 0.781454934375 0.37328260625 0.8133375578125 0.3974173203125 0.8288852484375001 0.411465815625 0.836954315625 0.420471259375 0.8434489375 0.41434747187500004 0.84285849375 0.38444936875 0.8377416421874999 0.40570223437499997 0.825933159375 0.39669679062499996 0.792476090625 0.37112140312499997 0.7411096859375 0.3073627671875 0.6836421546875 0.2144264796875 0.615744015625 0.0800651984375 0.6037387734374999 0.033236846874999997 0.5927176171874999 0.0616940640625 0.6066909265625 0.0858286625 0.6153503515625001 0.0926728265625 0.6350310390625 0.135538765625 0.663567909375 0.1931736703125