1 0.0498046875 0.059644378124999994 0.0546875 0.061398625 0.0673828125 0.077186840625 0.091796875 0.0999920453125 0.0966796875 0.1087632765625 0.1005859375 0.1087632765625 0.1044921875 0.1157802625 0.1142578125 0.12279724843749999 0.1240234375 0.13683121874999998 0.1298828125 0.1403397125 0.1337890625 0.14735669843750002 0.142578125 0.1561279296875 0.1435546875 0.1578821765625 0.1396484375 0.17542464062500002 0.1337890625 0.17542464062500002 0.1337890625 0.1789331328125 0.138671875 0.18068737968749998 0.1435546875 0.1894586109375 0.162109375 0.205246828125 0.1650390625 0.21050956875 0.169921875 0.2122638140625 0.1728515625 0.217526553125 0.2138671875 0.256119975 0.2177734375 0.256119975 0.2216796875 0.2455944953125 0.2255859375 0.25261148125 0.23046875 0.2508572359375 0.2294921875 0.2455944953125 0.232421875 0.23331477031249998 0.2294921875 0.22805203281250003 0.1328125 0.13156847968750002 0.046875 0.040347667187500005 0.0439453125 0.035084928125 0.0244140625 0.0175424640625 0.0166015625 0.0175424640625 0.0107421875 0.014033971875 0.009765625 0.0192967109375 0.0185546875 0.0315764359375 0.033203125 0.040347667187500005 0.0498046875 0.059644378124999994
0 0.2177734375 0.6806476046875 0.2197265625 0.6806476046875 0.2275390625 0.6736306187500001 0.232421875 0.6648593859374999 0.232421875 0.52101118125 0.234375 0.5139941953125 0.236328125 0.415756396875 0.23828125 0.40873941093750005 0.23828125 0.38067146875 0.240234375 0.3736544828125 0.240234375 0.33856955625 0.2421875 0.33155256875 0.2421875 0.2964676421875 0.244140625 0.28945065625 0.244140625 0.2683997 0.24609375 0.2613827140625 0.248046875 0.19822984375 0.25 0.1912128578125 0.25 0.17367039374999999 0.251953125 0.1666534078125 0.251953125 0.1456024515625 0.25390625 0.13858546562500001 0.255859375 0.0999920453125 0.26171875 0.06841560937499999 0.265625 0.0052627390625 0.2646484375 0 0.24609375 0.001754246875 0.24609375 0.00877123125 0.25390625 0.022805203125 0.25390625 0.026313695312500003 0.251953125 0.029822189062499997 0.251953125 0.040347667187500005 0.25 0.043856159374999995 0.24609375 0.071924103125 0.24609375 0.092975059375 0.244140625 0.0999920453125 0.244140625 0.114026015625 0.2421875 0.1210430015625 0.2421875 0.135076971875 0.23828125 0.163144915625 0.23828125 0.18068737968749998 0.234375 0.208755321875 0.234375 0.23331477031249998 0.232421875 0.24033175624999997 0.232421875 0.2613827140625 0.23046875 0.2683997 0.23046875 0.2859421640625 0.228515625 0.2929591484375 0.228515625 0.3175185984375 0.2265625 0.324535584375 0.224609375 0.38067146875 0.22265625 0.3876884546875 0.22265625 0.415756396875 0.220703125 0.42277338281250004 0.21875 0.506977209375 0.216796875 0.5139941953125 0.216796875 0.6087235015625 0.21484375 0.6157404859375 0.21484375 0.6753848640625 0.2177734375 0.6806476046875
1 0.66190956875 0.3434165 0.8424469546875001 0.384877825 0.919753090625 0.38572403906249997 0.9480354703125 0.35103179375 0.747228725 0.249493971875 0.4983415015625 0.126802196875 0.2687807625 0.047264178125 0.24851152656250003 0.2071863859375 0.47948643124999996 0.2604938046875 0.66190956875 0.3434165
1 0.3232421875 0.1403397125 0.32421875 0.14911094375 0.3525390625 0.2245435390625 0.373046875 0.2964676421875 0.392578125 0.345586540625 0.3974609375 0.34734078749999997 0.40234375 0.33856955625 0.40234375 0.3280440765625 0.3935546875 0.3052388734375 0.3818359375 0.26313695937500003 0.37109375 0.208755321875 0.37109375 0.19822984375 0.361328125 0.1771788859375 0.361328125 0.1526194375 0.359375 0.1456024515625 0.3564453125 0.1403397125 0.3544921875 0.1403397125 0.3515625 0.13156847968750002 0.3447265625 0.12279724843749999 0.314453125 0.001754246875 0.2822265625 0 0.28125 0.0052627390625 0.28515625 0.022805203125 0.31640625 0.1280599875 0.3232421875 0.1403397125
1 0.2529296875 0.3052388734375 0.26171875 0.3105016125 0.267578125 0.3175185984375 0.2744140625 0.32979832343750004 0.2978515625 0.3613747578125 0.310546875 0.3736544828125 0.3232421875 0.39295119375 0.3271484375 0.39295119375 0.330078125 0.3876884546875 0.330078125 0.3736544828125 0.3271484375 0.357866265625 0.2890625 0.31401010625 0.2685546875 0.28067942343749996 0.263671875 0.278925178125 0.2548828125 0.26313695937500003 0.251953125 0.2613827140625 0.2470703125 0.2491029890625 0.2451171875 0.2491029890625 0.244140625 0.25436572812499997 0.2470703125 0.2596284671875 0.248046875 0.2964676421875 0.2529296875 0.3052388734375
1 0.2998046875 0.1578821765625 0.30078125 0.1526194375 0.2705078125 0.0736783484375 0.26953125 0.08244958125 0.2744140625 0.0912208125 0.28125 0.114026015625 0.2998046875 0.1578821765625
1 0.2412109375 0.08771232031250001 0.2421875 0.0859580734375 0.240234375 0.07894108749999999 0.240234375 0.0649071171875 0.2373046875 0.0631528703125 0.2255859375 0.0736783484375 0.1884765625 0.1157802625 0.181640625 0.1280599875 0.181640625 0.13156847968750002 0.1904296875 0.1403397125 0.2412109375 0.08771232031250001
1 0.0341796875 0.0842038265625 0.1240234375 0.171916146875 0.2099609375 0.25261148125 0.21484375 0.2508572359375 0.2060546875 0.2385775109375 0.0634765625 0.1017462921875 0.05859375 0.0999920453125 0.0556640625 0.09472930625 0.0302734375 0.07016985625 0.0224609375 0.0666613625 0.021484375 0.06841560937499999 0.0244140625 0.0736783484375 0.03125 0.07894108749999999 0.0341796875 0.0842038265625
1 0.2099609375 0.182441625 0.2158203125 0.1894586109375 0.21875 0.18770436562499998 0.2041015625 0.16139066875000002 0.1953125 0.1526194375 0.1806640625 0.129814234375 0.0849609375 0.0070169859375 0.0830078125 0.0070169859375 0.08203125 0.012279725 0.0966796875 0.035084928125 0.189453125 0.1526194375 0.2099609375 0.182441625
1 0.4224497546875 0.5101080140625001 0.42386389375 0.48641582968749997 0.40076640625 0.4584928890625 0.3319256078125 0.3562284421875 0.3244033484375 0.39587779375 0.36729863281249997 0.45764662968750003 0.4224497546875 0.5101080140625001
0 0.42578125 0.4875 0.00859375 0.1921875
1 0.4443893515625 0.44605990625 0.4383904625 0.430835784375 0.42866823125 0.39815977187499996 0.42866823125 0.4300931875 0.436115046875 0.4501444078125 0.44252759218750004 0.45608550625 0.4443893515625 0.44605990625
0 0.443359375 0.5631130953125 0.443359375 0.5175026875000001 0.4453125 0.510485703125 0.4453125 0.450841325 0.4443359375 0.449087078125 0.44140625 0.45434981875 0.44140625 0.49996022343749996 0.439453125 0.5139941953125 0.4404296875 0.5718843265625 0.443359375 0.5631130953125
0 0.6494140625 0.519256934375 0.650390625 0.49645173125 0.6484375 0.48943474531250003 0.6484375 0.464875296875 0.6455078125 0.45610406406250004 0.64453125 0.47890926718750004 0.646484375 0.485926253125 0.646484375 0.510485703125 0.6494140625 0.519256934375
