2 0.991090359375 0.00084681875 0.7509260265625 0 0.6896778984374999 0.09044580625000001 0.706101959375 0.23768862031250002 0.755374109375 0.20134790156250001 0.8539184437499999 0.119894415625 0.991090359375 0.00084681875
2 0.557660978125 0.4406938078125 0.56366215625 0.4406938078125 0.5665516171875 0.432553828125 0.593001228125 0.40365636250000003 0.62056215625 0.36661891406249997 0.6596809734375 0.3080102140625 0.6981328718750001 0.246145465625 0.6859082546875 0.0988096859375 0.5950016046875 0.3088242421875 0.5678852421875 0.360920846875 0.5494371640625 0.3885972921875 0.5389907 0.399993428125 0.5258770234375 0.40406348437500006 0.52832191875 0.4496480328125 0.5432137484374999 0.4508690546875 0.557660978125 0.4406938078125
2 0.624145278125 0 0.607916065625 0.06607650312499999 0.59176665625 0.1335709125 0.5678933515625 0.2254025203125 0.5500929296875 0.2895487953125 0.5275594515625001 0.35615640625 0.51238345625 0.38164771875 0.5131821921874999 0.3866624125 0.5362314765625 0.3791404046875 0.5450175796875001 0.3716183546875 0.562932103125 0.345082290625 0.592827675 0.28678649843750004 0.6383556390625 0.167961465625 0.6833070859375 0.037580487499999995 0.6809108765625 0 0.624145278125 0
1 0.5317241484374999 0.5095554078125 0.5369260421875001 0.5628632265625 0.54224893125 0.561312559375 0.5278529703125 0.3909606109375 0.5306354125 0.3858655625 0.5381357999999999 0.3834287984375 0.5375309203125 0.3754539375 0.5227247609375001 0.36672858750000004 0.5103117203124999 0.38151455156249997 0.5120053609374999 0.39214767031250003 0.5224091234375 0.3917046234375 0.5317241484374999 0.5095554078125
2 0.511464615625 0.43604723281249996 0.516941653125 0.4383456625 0.5218481984375 0.4318683515625 0.5272111390625 0.41494374062499995 0.535426721875 0.3817214265625 0.5122028750000001 0.3850533671875 0.5091825140624999 0.40992908124999994 0.5059875500000001 0.42601787812499997 0.5043900765625 0.4327041078125 0.511464615625 0.43604723281249996
2 0.502336184375 0.47344849531250005 0.502792603125 0.48723887499999996 0.50781325 0.4891193703125 0.51591470625 0.487447834375 0.522646934375 0.47135903749999997 0.5308408953125 0.45209649062499996 0.530520175 0.451509225 0.526868809375 0.42956995468750003 0.5236738625 0.43500250312500005 0.5164852343749999 0.46258332968750004 0.5094107234374999 0.47282165625 0.502336184375 0.47344849531250005
1 0.676793275 0 0.687976915625 0.135770046875 0.6991606359375 0.308061584375 0.7023211609375 0.440730575 0.7062111875 0.54652159375 0.7037799046875 0.66449884375 0.706697365625 0.67384799375 0.7212848046875 0.6734028109375 0.727119753125 0.66316324375 0.72152791875 0.365771271875 0.7103442765625 0.18724694375 0.6977018921875 0.0702919265625 0.7113167640625 0.066730359375 0.7054817640625 0.01241625 0.6935687500000001 0.00974505 0.6923532 0 0.676793275 0
2 0.7056869234375001 0.143579909375 0.7136756640625 0.321166459375 0.7214786625 0.367774528125 0.73485528125 0.376619746875 0.7292816609375 0.3201459140625 0.7056869234375001 0.143579909375
2 0.501843515625 0.4902827765625 0.5019644609375 0.47123170937500003 0.4500664578125 0.46835193906250006 0.4037332796875 0.46369993593750003 0.4030074375 0.472560884375 0.41329027187499995 0.47699139218750003 0.43724319375 0.4849662 0.47268869531249996 0.4909473984375 0.501843515625 0.4902827765625
2 0.46409952031249996 0.44265514375 0.50281128125 0.44575647968750004 0.5031742328125001 0.43069286250000005 0.4746242515625 0.436452475 0.441961178125 0.4295852421875 0.41607268125 0.42005968437499996 0.4024025640625 0.4111987609375 0.402160615625 0.41961665000000004 0.4368802546875 0.43423724375 0.46409952031249996 0.44265514375
1 0.4031284265625 0.40698980625000003 0.39698777343749997 0.40668194375000005 0.3934504765625 0.515536559375 0.4037332796875 0.5175302140625 0.4031284265625 0.40698980625000003
1 0.5028876624999999 0.4362749390625 0.499536896875 0.542529053125 0.5041135484375 0.542529053125 0.5061567234375 0.43702320781250004 0.5124496203125 0.43028879218749994 0.5048596265625 0.422535434375 0.5041135484375 0.4237040421875 0.49708514062500003 0.43133636875 0.5028876624999999 0.4362749390625