2 0.4842657484375 0.41502409062499995 0.4809460296875 0.3502293421875 0.44249136875 0.2994987265625 0.3647520375 0.163882121875 0.2610074234375 0 0.149500040625 0.0033909265624999995 0.3083149375 0.214110440625 0.390204 0.31506947812499997 0.47596617500000005 0.4120102515625 0.4842657484375 0.41502409062499995
2 0.55316456875 0.276732984375 0.5541353499999999 0.14393510468749998 0.38163315 0 0.1693226015625 0.0034984359375 0.29166008125 0.074010596875 0.46189680624999996 0.1880051671875 0.547015190625 0.252641303125 0.55316456875 0.276732984375
2 0.2360226671875 0 0.291715753125 0.098082915625 0.3744348671875 0.22867666875 0.46268685625000006 0.35223845625 0.4812226875 0.3708230796875 0.4801159421875 0.3421927859375 0.40265330625000006 0.2387223734375 0.3279572546875 0.1226948484375 0.25685758125 0 0.2360226671875 0
2 0.3675185484375 0.1086308828125 0.39933347656249996 0.1869871671875 0.45162077187499994 0.3130603640625 0.4651767109375 0.33917921562500003 0.49699171093750005 0.32310600156249997 0.4956084921875 0.32310600156249997 0.4380647953125 0.15735235 0.3852242203125 0 0.326297303125 0.000639846875 0.3675185484375 0.1086308828125
2 0.6261477953125001 0.2335158390625 0.6858833703125 0.2617832265625 0.748478521875 0.276205390625 0.78311244375 0.279089884375 0.7773930390625 0.3131260703125 0.7821591531250001 0.32581761249999996 0.8002704890624999 0.3206256 0.801541528125 0.26466768281249997 0.80694305625 0.1948645015625 0.7955043328125 0.1971720203125 0.792962421875 0.23986164843750002 0.7780285375 0.23120828124999998 0.77612216875 0.26120640625 0.731002684375 0.25947567031249996 0.683341459375 0.2485148625 0.625194546875 0.216786234375 0.5826171859375 0.1798654796875 0.5601643484375 0.1452529078125 0.5619638546875 0.171212265625 0.5734026640625001 0.17928865624999998 0.5921493718749999 0.20351782968749998 0.6261477953125001 0.2335158390625
2 0.5034993828125 0.43715647031250005 0.5155735 0.4123503984375 0.5333670859375 0.371968403125 0.552749334375 0.29408883124999996 0.5549735375 0.2058253875 0.5539100765625 0.205835053125 0.5152557718749999 0.326394434375 0.4879300015625 0.4025433875 0.4914251171875 0.44234856093749997 0.5034993828125 0.43715647031250005
2 0.3580729421875 0.48152260625 0.3892707 0.48175666875 0.4199527890625 0.4712241296875 0.463913275 0.4473501984375 0.4863412328125 0.438310384375 0.48316380312499996 0.40023582968750004 0.397779184375 0.44711616562499995 0.3596199390625 0.455074153125 0.3580729421875 0.48152260625
2 0.3714802828125 0.4108372046875 0.3998418765625 0.40053864843750003 0.44135294687500004 0.3759625921875 0.481445903125 0.35021625 0.4767964953125 0.332894975 0.437743275 0.3612169625 0.3877237375 0.396559671875 0.36954649375000004 0.40100677500000004 0.3714802828125 0.4108372046875
2 0.484309740625 0.367201846875 0.5504870140625 0.4444910109375 0.54760755 0.4319440171875 0.48310730468749996 0.360060225 0.484309740625 0.367201846875
1 0.5624738218750001 0.1038614953125 0.5521570234375 0.1081839984375 0.5513634046875 0.23017548125 0.554008765625 0.38578658125 0.5548023484375 0.527645671875 0.55427326875 0.668063096875 0.56988075625 0.6771885875 0.573584240625 0.4802731484375 0.5672354640624999 0.2579028234375 0.5624738218750001 0.1038614953125
1 0.46389159218750003 0.34619604375 0.47446741875000004 0.34166244218749997 0.479461503125 0.3467294140625 0.4837212390625 0.4339348375 0.47887396562499995 0.4384684484375 0.47858022499999997 0.4579363390625 0.48474944531249997 0.4579363390625 0.4893028828125 0.5483419625 0.4962065703125 0.549408684375 0.49532521406249996 0.5198067953125001 0.4850431859375 0.3533964953125 0.48768713750000003 0.3408623921875 0.4981160734375 0.337395503125 0.498997371875 0.329928371875 0.47990217187499995 0.3216611984375 0.4787271140625 0.3213945015625 0.463744740625 0.3317951609375 0.46389159218750003 0.34619604375