2 0.2841796875 0.3625 0.2978515625 0.365625 0.2998046875 0.36875 0.2998046875 0.375 0.2958984375 0.378125 0.2958984375 0.38125 0.3076171875 0.38125 0.3115234375 0.378125 0.3271484375 0.38125 0.328125 0.3765625 0.3359375 0.3703125 0.3505859375 0.371875 0.3544921875 0.36875 0.3623046875 0.36875 0.3662109375 0.365625 0.3720703125 0.365625 0.3857421875 0.359375 0.3935546875 0.359375 0.3974609375 0.35625 0.4033203125 0.35625 0.4423828125 0.34375 0.4462890625 0.340625 0.4755859375 0.334375 0.4794921875 0.33125 0.4873046875 0.33125 0.4912109375 0.328125 0.5009765625 0.328125 0.5048828125 0.325 0.5126953125 0.325 0.5283203125 0.31875 0.5498046875 0.315625 0.5537109375 0.3125 0.5595703125 0.3125 0.6103515625 0.296875 0.6455078125 0.28125 0.6630859375 0.278125 0.7353515625 0.246875 0.7763671875 0.225 0.7880859375 0.221875 0.8037109375 0.2125 0.8095703125 0.20625 0.8349609375 0.2 0.8583984375 0.1875 0.9150390625 0.165625 0.9990234375 0.128125 0.9990234375 0.11875 0.9873046875 0.121875 0.9814453125 0.103125 0.984375 0.0984375 0.9892578125 0.096875 0.9921875 0.0921875 0.9990234375 0.0875 1 0.0765625 0.9970703125 0.075 0.986328125 0.0859375 0.947265625 0.1171875 0.9423828125 0.11875 0.919921875 0.1359375 0.9091796875 0.140625 0.900390625 0.1484375 0.8740234375 0.1625 0.853515625 0.1765625 0.8408203125 0.18125 0.8203125 0.1953125 0.8115234375 0.2 0.7978515625 0.203125 0.79296875 0.2078125 0.7783203125 0.2125 0.7685546875 0.21875 0.7060546875 0.24375 0.7001953125 0.24375 0.6728515625 0.25625 0.6669921875 0.25625 0.6474609375 0.265625 0.6416015625 0.265625 0.6298828125 0.271875 0.6142578125 0.275 0.5947265625 0.284375 0.5791015625 0.2875 0.5595703125 0.296875 0.5517578125 0.296875 0.5400390625 0.303125 0.5341796875 0.303125 0.5224609375 0.309375 0.5068359375 0.3125 0.4755859375 0.325 0.4638671875 0.325 0.4599609375 0.328125 0.4501953125 0.328125 0.4462890625 0.33125 0.4365234375 0.33125 0.4326171875 0.334375 0.4111328125 0.334375 0.4072265625 0.3375 0.3876953125 0.3375 0.3837890625 0.340625 0.271484375 0.3421875 0.26953125 0.3484375 0.2724609375 0.353125 0.2783203125 0.353125 0.2841796875 0.3625
2 0.63203125 0.23515625 0.7265625 0.31484375
1 0.25390625 0.5984375 0.25390625 0.6234375 0.255859375 0.6328125 0.2587890625 0.6375 0.26171875 0.6296875 0.259765625 0.6203125 0.259765625 0.3453125 0.26171875 0.3390625 0.26171875 0.3234375 0.263671875 0.3109375 0.26171875 0.3078125 0.26171875 0.2671875 0.263671875 0.2546875 0.263671875 0.2265625 0.265625 0.2203125 0.2646484375 0.1875 0.259765625 0.1890625 0.259765625 0.2046875 0.2578125 0.2109375 0.2578125 0.2359375 0.255859375 0.2421875 0.255859375 0.2828125 0.25390625 0.2890625 0.25390625 0.3453125 0.251953125 0.3578125 0.251953125 0.5921875 0.25390625 0.5984375
1 0.26484375 0.4203125 0.028125 0.4671875
2 0.13203125 0.23671875 0.2640625 0.37109375
1 0.5673828125 0.59375 0.568359375 0.4703125 0.56640625 0.4640625 0.56640625 0.3703125 0.564453125 0.3640625 0.564453125 0.3296875 0.5615234375 0.325 0.560546875 0.5109375 0.5625 0.5171875 0.5625 0.5921875 0.5673828125 0.59375
1 0.5640625 0.4453125 0.009375 0.175
2 0.0234375 0.1203125 0.029296875 0.1265625 0.0654296875 0.171875 0.138671875 0.2484375 0.1435546875 0.25625 0.1484375 0.2578125 0.154296875 0.2640625 0.1669921875 0.28125 0.2119140625 0.328125 0.21875 0.3328125 0.2275390625 0.346875 0.2353515625 0.353125 0.2392578125 0.353125 0.2431640625 0.359375 0.248046875 0.3578125 0.2451171875 0.35 0.2314453125 0.334375 0.19921875 0.3046875 0.1943359375 0.296875 0.11328125 0.2109375 0.1064453125 0.2 0.0830078125 0.171875 0.0625 0.1515625 0.0576171875 0.14375 0.0009765625 0.08125 0.0009765625 0.096875 0.00390625 0.0984375 0.0185546875 0.11875 0.0234375 0.1203125
2 0.1650390625 0.346875 0.2353515625 0.40625 0.25 0.4046875 0.25 0.3921875 0.2353515625 0.375 0.228515625 0.3703125 0.0908203125 0.234375 0.064453125 0.2109375 0.048828125 0.1953125 0.0439453125 0.1875 0.0390625 0.1859375 0.0302734375 0.171875 0.025390625 0.1703125 0.0205078125 0.1625 0.015625 0.1609375 0.0068359375 0.15 0.0009765625 0.146875 0.0009765625 0.203125 0.1357421875 0.321875 0.162109375 0.3421875 0.1650390625 0.346875
2 0.0791015625 0.1 0.1142578125 0.15 0.1630859375 0.215625 0.166015625 0.2171875 0.2314453125 0.303125 0.2451171875 0.315625 0.25 0.3140625 0.248046875 0.3078125 0.2158203125 0.259375 0.078125 0.0828125 0.0712890625 0.071875 0.068359375 0.0703125 0.0576171875 0.053125 0.0517578125 0.05 0.048828125 0.0546875 0.0615234375 0.075 0.076171875 0.0921875 0.0791015625 0.1
2 0.271484375 0.2546875 0.275390625 0.2703125 0.2802734375 0.275 0.28125 0.2828125 0.2861328125 0.290625 0.3046875 0.3359375 0.314453125 0.3484375 0.314453125 0.3546875 0.322265625 0.3765625 0.3251953125 0.378125 0.3388671875 0.4 0.34375 0.3921875 0.33984375 0.3796875 0.3232421875 0.3375 0.31640625 0.3109375 0.28515625 0.2203125 0.2763671875 0.203125 0.2734375 0.1921875 0.2705078125 0.1875 0.267578125 0.1890625 0.267578125 0.2046875 0.265625 0.2109375 0.265625 0.2453125 0.271484375 0.2546875
2 0.2119140625 0.153125 0.2158203125 0.15625 0.21875 0.1703125 0.2216796875 0.175 0.2265625 0.1765625 0.232421875 0.1859375 0.234375 0.1953125 0.2373046875 0.2 0.2421875 0.2015625 0.2548828125 0.21875 0.2578125 0.1921875 0.2626953125 0.184375 0.2666015625 0.184375 0.267578125 0.1765625 0.248046875 0.1328125 0.2119140625 0.0625 0.2109375 0.0578125 0.2060546875 0.05 0.2021484375 0.05 0.1962890625 0.05625 0.1923828125 0.05625 0.1845703125 0.05 0.1650390625 0.05 0.1640625 0.0578125 0.171875 0.0796875 0.203125 0.1390625 0.2119140625 0.153125
1 0.2734375 0.5515625 0.2734375 0.6421875 0.2763671875 0.646875 0.28125 0.6421875 0.283203125 0.6296875 0.283203125 0.5921875 0.28125 0.5859375 0.28125 0.4734375 0.279296875 0.4671875 0.279296875 0.3859375 0.2763671875 0.38125 0.2734375 0.3828125 0.2734375 0.4265625 0.271484375 0.4390625 0.271484375 0.5453125 0.2734375 0.5515625
1 0.3798828125 0.496875 0.3828125 0.5078125 0.384765625 0.5578125 0.3876953125 0.5625 0.388671875 0.5265625 0.384765625 0.4640625 0.37890625 0.4640625 0.376953125 0.4765625 0.37890625 0.4859375 0.376953125 0.4921875 0.3798828125 0.496875
1 0.40234375 0.5515625 0.40234375 0.5453125 0.400390625 0.5390625 0.400390625 0.4859375 0.3974609375 0.46875 0.396484375 0.5140625 0.3984375 0.5203125 0.3994140625 0.55625 0.40234375 0.5515625
