2 0.197265625 0.2171875 0.2001953125 0.225 0.21484375 0.2234375 0.21875 0.2265625 0.21875 0.2421875 0.220703125 0.2484375 0.21875 0.2546875 0.2294921875 0.271875 0.24609375 0.2828125 0.265625 0.3109375 0.2861328125 0.346875 0.2958984375 0.346875 0.296875 0.3359375 0.2998046875 0.33125 0.3037109375 0.334375 0.3095703125 0.34375 0.3125 0.3453125 0.3125 0.3484375 0.3203125 0.3578125 0.3232421875 0.365625 0.328125 0.3703125 0.328125 0.3765625 0.3388671875 0.39375 0.3447265625 0.4 0.3486328125 0.396875 0.3603515625 0.4 0.36328125 0.4046875 0.365234375 0.4234375 0.37109375 0.4234375 0.37109375 0.4078125 0.3681640625 0.4 0.330078125 0.3546875 0.3095703125 0.321875 0.302734375 0.3171875 0.2919921875 0.303125 0.28515625 0.2984375 0.2783203125 0.284375 0.271484375 0.2796875 0.2587890625 0.25625 0.24609375 0.2421875 0.2216796875 0.20625 0.2060546875 0.2 0.203125 0.1953125 0.203125 0.1859375 0.2001953125 0.178125 0.197265625 0.1828125 0.19921875 0.1953125 0.197265625 0.2046875 0.197265625 0.2171875
2 0.265625 0.2859375 0.2705078125 0.29375 0.2802734375 0.3 0.2880859375 0.315625 0.30078125 0.3265625 0.3115234375 0.34375 0.3330078125 0.371875 0.3544921875 0.39375 0.35546875 0.3921875 0.35546875 0.3890625 0.3427734375 0.36875 0.3134765625 0.328125 0.2890625 0.3015625 0.2763671875 0.28125 0.2734375 0.2796875 0.2548828125 0.253125 0.236328125 0.2328125 0.2216796875 0.2125 0.2197265625 0.2125 0.21875 0.2203125 0.2451171875 0.271875 0.2529296875 0.28125 0.265625 0.2859375
1 0.869140625 0.1265625 0.8720703125 0.134375 0.87890625 0.1671875 0.8828125 0.2046875 0.884765625 0.2109375 0.884765625 0.2234375 0.89453125 0.2578125 0.89453125 0.2640625 0.8984375 0.2796875 0.8984375 0.2921875 0.904296875 0.3234375 0.904296875 0.3421875 0.91015625 0.3796875 0.927734375 0.6484375 0.9296875 0.6546875 0.9296875 0.6765625 0.931640625 0.6828125 0.931640625 0.7078125 0.9384765625 0.715625 0.9462890625 0.715625 0.94921875 0.7109375 0.951171875 0.7015625 0.951171875 0.6953125 0.94921875 0.6921875 0.94921875 0.6046875 0.947265625 0.5984375 0.947265625 0.5515625 0.9453125 0.5453125 0.9453125 0.5234375 0.943359375 0.5171875 0.943359375 0.5015625 0.939453125 0.4640625 0.9375 0.4578125 0.935546875 0.4078125 0.93359375 0.4015625 0.93359375 0.3921875 0.931640625 0.3859375 0.931640625 0.3765625 0.923828125 0.3234375 0.923828125 0.3109375 0.919921875 0.2859375 0.90625 0.2265625 0.896484375 0.1640625 0.880859375 0.0828125 0.880859375 0.0734375 0.875 0.0578125 0.8701171875 0.05 0.8583984375 0.05 0.85546875 0.0546875 0.8583984375 0.0625 0.865234375 0.0953125 0.869140625 0.1265625
1 0.5654296875 0.58125 0.56640625 0.4171875 0.564453125 0.4109375 0.564453125 0.3921875 0.5615234375 0.3875 0.560546875 0.5359375 0.5625 0.5421875 0.5625 0.5796875 0.5654296875 0.58125
1 0.36328125 0.5015625 0.361328125 0.5078125 0.361328125 0.5296875 0.36328125 0.5328125 0.361328125 0.5421875 0.361328125 0.5671875 0.3642578125 0.58125 0.3671875 0.5796875 0.3671875 0.4796875 0.369140625 0.4734375 0.37109375 0.3328125 0.373046875 0.3265625 0.373046875 0.3171875 0.3759765625 0.3125 0.38671875 0.3109375 0.3759765625 0.309375 0.3720703125 0.30625 0.3701171875 0.30625 0.3671875 0.3109375 0.3671875 0.3703125 0.365234375 0.3765625 0.361328125 0.4984375 0.36328125 0.5015625
1 0.4501953125 0.409375 0.4501953125 0.528125 0.453125 0.5234375 0.453125 0.4109375 0.4501953125 0.409375
1 0.1640625 0.3671875 0.1640625 0.3890625 0.162109375 0.3921875 0.162109375 0.4109375 0.16015625 0.4140625 0.16015625 0.4359375 0.158203125 0.4421875 0.158203125 0.4515625 0.15625 0.4546875 0.15625 0.4796875 0.154296875 0.4828125 0.154296875 0.6671875 0.15625 0.6734375 0.1611328125 0.678125 0.1689453125 0.678125 0.173828125 0.6703125 0.17578125 0.6578125 0.17578125 0.5046875 0.177734375 0.4984375 0.177734375 0.4546875 0.1796875 0.4484375 0.1796875 0.4203125 0.181640625 0.4140625 0.181640625 0.3953125 0.18359375 0.3890625 0.18359375 0.3484375 0.185546875 0.3171875 0.1875 0.3109375 0.189453125 0.2640625 0.19140625 0.2578125 0.19140625 0.2421875 0.193359375 0.2359375 0.193359375 0.2140625 0.1953125 0.2078125 0.212890625 0.0640625 0.2119140625 0.05 0.2021484375 0.05 0.19921875 0.0546875 0.197265625 0.0640625 0.19140625 0.1015625 0.189453125 0.1265625 0.18359375 0.1546875 0.18359375 0.1671875 0.1796875 0.1890625 0.1796875 0.2015625 0.177734375 0.2078125 0.173828125 0.2578125 0.1669921875 0.26875 0.1611328125 0.2625 0.1455078125 0.26875 0.142578125 0.2734375 0.142578125 0.2859375 0.140625 0.2921875 0.138671875 0.3484375 0.1435546875 0.353125 0.1591796875 0.359375 0.1640625 0.3671875
1 0.1875 0.6078125 0.1875 0.6421875 0.19140625 0.6609375 0.1982421875 0.66875 0.2021484375 0.66875 0.205078125 0.6578125 0.205078125 0.6390625 0.203125 0.6328125 0.203125 0.5203125 0.205078125 0.5171875 0.205078125 0.4640625 0.20703125 0.4578125 0.20703125 0.3546875 0.208984375 0.3484375 0.208984375 0.3234375 0.2109375 0.3171875 0.2109375 0.2859375 0.21484375 0.2328125 0.21484375 0.2046875 0.216796875 0.1984375 0.216796875 0.1828125 0.21875 0.1765625 0.21875 0.1609375 0.220703125 0.1546875 0.21875 0.1453125 0.2119140625 0.140625 0.2080078125 0.140625 0.205078125 0.1453125 0.203125 0.1578125 0.203125 0.1765625 0.201171875 0.1828125 0.201171875 0.2109375 0.197265625 0.2328125 0.193359375 0.2859375 0.193359375 0.3109375 0.19140625 0.3171875 0.19140625 0.3515625 0.189453125 0.3578125 0.189453125 0.4015625 0.1875 0.4046875 0.1875 0.4796875 0.185546875 0.4859375 0.185546875 0.6015625 0.1875 0.6078125
2 0.1767578125 0.2 0.177734375 0.1984375 0.177734375 0.1921875 0.1708984375 0.18125 0.1650390625 0.175 0.1572265625 0.175 0.15625 0.1765625 0.1591796875 0.18125 0.171875 0.1921875 0.1767578125 0.2
2 0.3896484375 0.4375 0.3974609375 0.446875 0.40234375 0.4453125 0.3935546875 0.43125 0.3759765625 0.4125 0.373046875 0.4171875 0.373046875 0.4234375 0.3759765625 0.428125 0.3896484375 0.4375
2 0.1513671875 0.171875 0.154296875 0.1703125 0.154296875 0.1640625 0.1513671875 0.159375 0.0732421875 0.08125 0.0625 0.0734375 0.0517578125 0.059375 0.0400390625 0.05 0.0361328125 0.05 0.03515625 0.0515625 0.0498046875 0.071875 0.1455078125 0.16875 0.1513671875 0.171875
2 0.1435546875 0.140625 0.1767578125 0.16875 0.1806640625 0.16875 0.18359375 0.1640625 0.185546875 0.1484375 0.1826171875 0.14375 0.15234375 0.1140625 0.1376953125 0.09375 0.1171875 0.0765625 0.1064453125 0.0625 0.0927734375 0.05 0.0791015625 0.05 0.078125 0.0515625 0.0849609375 0.0625 0.087890625 0.0640625 0.1435546875 0.140625
2 0.2578125 0.1078125 0.2578125 0.1140625 0.2607421875 0.11875 0.2548828125 0.128125 0.2412109375 0.134375 0.2294921875 0.14375 0.2265625 0.1484375 0.2275390625 0.15 0.2353515625 0.15 0.2373046875 0.146875 0.2490234375 0.14375 0.2509765625 0.140625 0.2548828125 0.140625 0.2626953125 0.134375 0.2705078125 0.1375 0.2841796875 0.1625 0.296875 0.1921875 0.3037109375 0.203125 0.3046875 0.2078125 0.3310546875 0.259375 0.3349609375 0.2625 0.3359375 0.2546875 0.361328125 0.2296875 0.3662109375 0.234375 0.376953125 0.2671875 0.3896484375 0.290625 0.4013671875 0.3 0.41015625 0.2984375 0.41015625 0.2921875 0.40625 0.2828125 0.40625 0.2765625 0.40234375 0.2640625 0.3984375 0.2578125 0.3828125 0.2046875 0.37890625 0.1984375 0.376953125 0.1859375 0.3671875 0.1546875 0.36328125 0.1484375 0.361328125 0.1359375 0.349609375 0.0984375 0.3544921875 0.090625 0.3740234375 0.084375 0.3837890625 0.078125 0.3896484375 0.078125 0.4052734375 0.071875 0.4130859375 0.065625 0.4208984375 0.065625 0.4228515625 0.0625 0.4326171875 0.059375 0.4365234375 0.05625 0.4365234375 0.053125 0.4130859375 0.05625 0.4052734375 0.059375 0.4033203125 0.0625 0.3974609375 0.0625 0.3955078125 0.065625 0.3798828125 0.06875 0.3720703125 0.075 0.3603515625 0.078125 0.3583984375 0.08125 0.3505859375 0.08125 0.3486328125 0.084375 0.341796875 0.0765625 0.33984375 0.0671875 0.3310546875 0.05 0.3134765625 0.05 0.3095703125 0.053125 0.3017578125 0.05 0.298828125 0.0546875 0.298828125 0.0609375 0.310546875 0.0828125 0.3125 0.0921875 0.3056640625 0.103125 0.2939453125 0.10625 0.2744140625 0.11875 0.2646484375 0.103125 0.263671875 0.0984375 0.2568359375 0.090625 0.2421875 0.0578125 0.2373046875 0.053125 0.234375 0.0546875 0.236328125 0.0640625 0.2421875 0.0734375 0.24609375 0.0859375 0.2578125 0.1078125
2 0.0009765625 0 0.0009765625 0.05 1 0.0484375 0.9990234375 0 0.0009765625 0
