2 0.42164680624999995 0.0826520375 0.1747781265625 0.1267044125 0.0037141859375000004 0.16049799375 0.00270799375 0.1743774921875 0.1536466640625 0.15023915625 0.3119655390625 0.1321355265625 0.4904087203125 0.12006631875 0.693296265625 0.12025690625 0.68751435 0.0548930609375 0.6623580765625 0.057910373437499996 0.42164680624999995 0.0826520375
2 0.1708892703125 0 0 0.082506409375 0.0000033296875 0.098591475 0.19453150624999999 0.000070396875 0.1708892703125 0
0 0.6998789421875 0 0.6835305578125 0.0010656015625 0.6913903828125 0.1509026484375 0.6976781890625 0.30017416875 0.70302284375 0.46527752031249997 0.7042804453125 0.7252042609375 0.724087215625 0.7325547703125 0.7203144796875 0.359375878125 0.7115114703125001 0.154127515625 0.6998789421875 0
0 0.5200131765625 0.3744783359375 0.5242096015625 0.372968915625 0.5257202703125 0.34791252500000003 0.5203488453125 0.34519557500000003 0.520684603125 0.33010140625 0.5332738421875 0.33010140625 0.5346166921875 0.30534693281249997 0.500877425 0.3026299890625 0.500877425 0.326478790625 0.5139702734375 0.3313089453125 0.514138178125 0.34972383749999997 0.5047381828125 0.349421946875 0.503731034375 0.3636105 0.514473846875 0.371761384375 0.5108925671875 0.5695391484375001 0.5173274203125 0.557721796875 0.5179988453125 0.49191106093750003 0.5200131765625 0.3744783359375
0 0.41287195624999995 0.4299217203125 0.4195232 0.4299217203125 0.41919608750000004 0.42364659062500004 0.4104396640625 0.41634871406249996 0.4014230953125 0.42518158125000005 0.4029496109375 0.4304761984375 0.40796530000000003 0.430280128125 0.40600263906249995 0.55052195625 0.410255071875 0.5499336390625 0.41287195624999995 0.4299217203125
0 0.3663886953125 0.44745395 0.36756185625 0.54506300625 0.3700712234375 0.542161784375 0.3693542640625 0.447550196875 0.3663886953125 0.44745395
2 0.35456693906250003 0.49670953124999995 0.3701608703125 0.49155183124999996 0.40663631718750004 0.4905847828125 0.40690517968749995 0.46979277656249996 0.3865613765625 0.4743057828125 0.3637081875 0.47043749687499997 0.31432587968750003 0.46862112656250005 0.3138793234375 0.49654837343749997 0.3242752640625 0.49880486875 0.35456693906250003 0.49670953124999995
2 0.44309519374999995 0.48678120312499995 0.461736234375 0.4796893546875 0.4878157328125 0.46776219062499996 0.5132678984375 0.449710234375 0.5142536921875 0.3813706625 0.5007210609375 0.39926144531249996 0.4698916796875 0.4334312171875 0.45376000625 0.4464866484375 0.4387934171875 0.45438437968749995 0.41280614531250004 0.4547919046875 0.412086578125 0.48984358125 0.423289115625 0.48887650625 0.44309519374999995 0.48678120312499995
2 0.68094595625 0 0.6345129875 0.1274406421875 0.57885755 0.2669340171875 0.548228584375 0.3280556640625 0.5205366015624999 0.3748401671875 0.519720534375 0.4468090296875 0.5387524328125 0.42734193906250006 0.5702987734375 0.37818254375000004 0.6081185234375 0.31532305312500003 0.666626359375 0.2105085484375 0.6958425375 0.1581256375 0.6877767109375 0 0.68094595625 0
2 0.8156023250000001 0 0.6996815890625 0.00146805625 0.71217204375 0.14019085625 0.8156023250000001 0
2 0.5436597609375 0.17167351875 0.516925690625 0.2579811890625 0.5026821328125 0.3044848671875 0.525471859375 0.3052730828125 0.5756529953125 0.2154637578125 0.6166306140625 0.1256092640625 0.6736049171875 0.0022563140624999997 0.5912113390625 0 0.5671068625 0.0833953921875 0.5436597609375 0.17167351875
2 0.46609395937500003 0.3587968828125 0.4477535171875 0.381935228125 0.4307817796875 0.4033505421875 0.4116201109375 0.417135121875 0.41887415156249996 0.4237812609375 0.42982369687500005 0.4176274125 0.44994345625000004 0.3989198171875 0.48128642343749994 0.36470451875 0.5087806203125 0.330779434375 0.5004480859375 0.3053816640625 0.4838869734375 0.3322123421875 0.46609395937500003 0.3587968828125
2 0.359480246875 0.441258115625 0.407236615625 0.43767316093749997 0.4019096390625 0.4257504765625 0.3635863171875 0.429688909375 0.359480246875 0.441258115625
2 0.43653753906250004 0.3910429265625 0.385895971875 0.3880890875 0.32882158906250003 0.37578140625 0.3269054234375 0.3811968046875 0.3422347515625 0.38587371406250004 0.38534852656249996 0.3935044203125 0.435168846875 0.3964582578125 0.47458708906249997 0.3935044203125 0.5130914515625 0.381640159375 0.5135947515625 0.37824296562500004 0.47965127812499997 0.3866121359375 0.43653753906250004 0.3910429265625
2 0.64934783125 0.360822665625 0.682248021875 0.4015900515625 0.7009859609375 0.4215816765625 0.7005249140625 0.41258695312500004 0.6667783890625001 0.374542453125 0.6190622265625 0.2941836640625 0.6157940078124999 0.30241554375 0.64934783125 0.360822665625