1 0.4622871046875 0.3468309859375 0.6097323593749999 0.2455985921875 0.732846715625 0.169014084375 0.8199513375 0.11971830937500001 0.9026763984375 0.07658450781250001 0.9995133812500001 0.032570421875 0.9995133812500001 0.008802817187500001 0.8627737218749999 0.07482394375 0.761070559375 0.132042253125 0.65352798125 0.1980633796875 0.5051094890625001 0.299295775 0.373236009375 0.3970070421875 0.342579075 0.41461267656249995 0.33771289531250004 0.41373239375 0.1605839421875 0.5484154921875 0.1581508515625 0.5528169015625 0.1800486625 0.5528169015625 0.22627737187500002 0.529929578125 0.4622871046875 0.3468309859375
1 0.777615571875 0 0.6068126515625 0.1338028171875 0.46180048593749995 0.2640845078125 0.3274939171875 0.39876760624999996 0.320681265625 0.40757042187500003 0.32214111875 0.41373239375 0.342579075 0.3978873234375 0.3513382 0.3846830984375 0.495863746875 0.242957746875 0.5742092453125001 0.17341549218750002 0.66909975625 0.095070421875 0.797566909375 0 0.777615571875 0
1 0.4973236015625 0 0.493917275 0.0035211265625 0.40827250625 0.12411971875000001 0.3639902671875 0.200704225 0.3659367390625 0.23327464843749998 0.361557178125 0.23591549218750002 0.357177615625 0.24911971875 0.3435523109375 0.25176056406249997 0.34306569374999996 0.294014084375 0.3454987828125 0.30017605625 0.373722628125 0.263204225 0.39172749375000004 0.232394365625 0.508515815625 0.0783450703125 0.5678832109374999 0.007042253125 0.5708029203125 0 0.4973236015625 0
1 0.21313868593750002 0.3529929578125 0.2111922140625 0.37235915468749997 0.22043795624999998 0.356514084375 0.2189781015625 0.34859155 0.21313868593750002 0.3529929578125
1 0.422871046875 0 0.3746958640625 0.095070421875 0.33090024375 0.1857394359375 0.3381995140625 0.18661971875 0.340632603125 0.1830985921875 0.42822384375 0 0.422871046875 0
1 0.3639902671875 0 0.29440389218749996 0.180457746875 0.2929440390625 0.1848591546875 0.29440389218749996 0.18838028125 0.299756690625 0.1848591546875 0.3197080296875 0.145246478125 0.3226277375 0.131161971875 0.32846715312499997 0.1267605640625 0.3396593671875 0.07658450781250001 0.36934306562499997 0 0.3639902671875 0
1 0.30656934375 0.23503521093750002 0.31094890468749997 0.231514084375 0.31143552343750003 0.22095070468750003 0.2783454984375 0.26584507031250004 0.26277372187500003 0.2957746484375 0.23406326093750002 0.3406690140625 0.21946472031250003 0.37235915468749997 0.22043795624999998 0.3864436625 0.23552311406249998 0.3653169015625 0.3017031625 0.25176056406249997 0.30656934375 0.23503521093750002
1 0.2807785890625 0.231514084375 0.28126520625 0.22007042187499998 0.2871046234375 0.2156690140625 0.2895377125 0.20334507031250001 0.2866180046875 0.20246478906249998 0.2827250609375 0.20862676093750002 0.22919707968749997 0.31073943593750003 0.21849148437500002 0.33802816875 0.22043795624999998 0.345070421875 0.2253041359375 0.342429578125 0.25985401406249997 0.2790492953125 0.2807785890625 0.231514084375
1 0.291484184375 0.388204225 0.304136253125 0.361795775 0.3070559609375 0.3503521125 0.31094890468749997 0.3169014078125 0.30997566875000004 0.29313380312500004 0.2982968375 0.30017605625 0.26569343125 0.35563380312500004 0.2413625296875 0.37852112656250003 0.2360097328125 0.388204225 0.23260340625000003 0.3996478875 0.26131386874999996 0.41725352187500003 0.27007299218749997 0.4128521125 0.291484184375 0.388204225
1 0.12652068125 0.5660211265624999 0.15377128906249998 0.5545774640625 0.1562043796875 0.5466549296875 0.1586374703125 0.5105633796875 0.1562043796875 0.50088028125 0.11970802968750001 0.5017605640625 0.091970803125 0.492957746875 0.08856447656250001 0.49471830937499994 0.05255474375 0.4656690140625 0.0437956203125 0.46390845 0.03649635 0.46830985937499997 0.030656934375 0.481514084375 0.0257907546875 0.51232394375 0.02481751875 0.5316901406250001 0.026763990625 0.53609155 0.10510948906249999 0.5642605640625 0.12652068125 0.5660211265624999
0 0.0423357671875 0.532570421875 0.0423357671875 0.53697183125 0.042822384375 0.53697183125 0.04476885625 0.5396126765625 0.045255475 0.5378521125 0.045255475 0.5343309859375001 0.0457420921875 0.5334507046875 0.0476885640625 0.5211267609375 0.0481751828125 0.513204225 0.045255475 0.51232394375 0.04476885625 0.5114436625 0.042822384375 0.5158450703125 0.042822384375 0.5220070421874999 0.0418491484375 0.52552816875 0.0418491484375 0.5316901406250001 0.0423357671875 0.532570421875
0 0.05693430625 0.5466549296875 0.056447689062499994 0.5536971828125 0.060340632812499996 0.5536971828125 0.06131386875 0.55017605625 0.06131386875 0.5457746484375 0.06082725 0.544894365625 0.062773721875 0.5290492953125 0.06472019531249999 0.5211267609375 0.0652068125 0.5167253515625 0.063260340625 0.5140845078125 0.0598540140625 0.5140845078125 0.058394160937499995 0.5167253515625 0.05790754218750001 0.519366196875 0.05790754218750001 0.5246478875 0.056447689062499994 0.544014084375 0.056447689062499994 0.5457746484375 0.05693430625 0.5466549296875
0 0.08515815156249999 0.595070421875 0.0846715328125 0.5853873234375 0.08564476875 0.5671948359375001 0.087591240625 0.5580985921875 0.0895377125 0.5387323937499999 0.093917275 0.520246478125 0.0992700734375 0.517605634375 0.091484184375 0.5088028171875 0.08856447656250001 0.5096830984375 0.0861313875 0.513204225 0.0871046234375 0.5140845078125 0.087591240625 0.5290492953125 0.0861313875 0.532570421875 0.08564476875 0.5457746484375 0.083698296875 0.5484154921875 0.08126520625 0.5660211265624999 0.081751825 0.575704225 0.079805353125 0.5915492953125 0.0841849140625 0.5959507046875 0.08515815156249999 0.595070421875
0 0.16155717812499998 0.49471830937499994 0.154744525 0.5484154921875 0.15523114375 0.5598591546875 0.14939172812499998 0.62588028125 0.1498783453125 0.6302816906250001 0.153284671875 0.6320422531250001 0.1557177609375 0.6232394359375 0.1591240875 0.5572183093749999 0.16982968437499998 0.4542253515625 0.165450121875 0.44982394374999995 0.1644768859375 0.46038732343750005 0.1605839421875 0.46390845 0.1581508515625 0.46126760625 0.1557177609375 0.4656690140625 0.1625304140625 0.47007042187500003 0.16301703125 0.47359155 0.161070559375 0.47799295781250006 0.16155717812499998 0.49471830937499994
0 0.3172749390625 0.2156690140625 0.320194646875 0.2279929578125 0.316301703125 0.2834507046875 0.3090024328125 0.32834507031250004 0.304136253125 0.40580985937499997 0.2982968375 0.4339788734375 0.2992700734375 0.47359155 0.30851581562499997 0.4665492953125 0.3128953765625 0.4375 0.31532846718749996 0.4348591546875 0.320681265625 0.4102112671875 0.3192214109375 0.3978873234375 0.3197080296875 0.3600352109375 0.32214111875 0.3468309859375 0.3250608265625 0.3415492953125 0.3255474453125 0.3292253515625 0.3294403890625 0.325704225 0.332360096875 0.307218309375 0.328953771875 0.2913732390625 0.33090024375 0.2790492953125 0.328953771875 0.25792253593750003 0.332360096875 0.231514084375 0.3347931875 0.22623239375 0.34160583906249997 0.22447183124999998 0.353284671875 0.23327464843749998 0.3581508515625 0.23327464843749998 0.36301703125 0.22359155 0.361070559375 0.21390845 0.352798053125 0.2147887328125 0.336739659375 0.205985915625 0.336253040625 0.1910211265625 0.33430656875000003 0.1875 0.320681265625 0.1980633796875 0.3051094890625 0.1901408453125 0.2982968375 0.182218309375 0.29440389218749996 0.182218309375 0.2909975671875 0.192781690625 0.291970803125 0.1980633796875 0.31435523125 0.21214788750000002 0.3172749390625 0.2156690140625