1 0.2170114484375 0.30057592187500004 0.001779684375 0.0800861203125 0.00075161875 0.260260209375 0.209001753125 0.3840533828125 0.2170114484375 0.30057592187500004
1 0.23095404687499999 0.160182184375 0.1590599296875 0.04852625625 0.113479596875 0.050143829687499995 0.2220545484375 0.2014466015625 0.23095404687499999 0.160182184375
0 0.203125 0.6390625 0.2060546875 0.640625 0.208984375 0.6359375 0.2109375 0.6234375 0.2109375 0.5046875 0.212890625 0.4984375 0.21484375 0.4078125 0.216796875 0.4015625 0.216796875 0.3765625 0.21875 0.3703125 0.21875 0.3421875 0.220703125 0.3359375 0.2216796875 0.3125 0.2236328125 0.309375 0.2275390625 0.309375 0.23046875 0.3046875 0.23046875 0.2828125 0.228515625 0.2796875 0.2294921875 0.21875 0.232421875 0.2078125 0.234375 0.1796875 0.2333984375 0.15 0.23046875 0.1515625 0.228515625 0.1609375 0.216796875 0.2703125 0.216796875 0.2890625 0.21484375 0.2953125 0.2109375 0.3421875 0.2109375 0.3640625 0.208984375 0.3703125 0.205078125 0.4328125 0.205078125 0.4671875 0.203125 0.4734375 0.203125 0.5390625 0.201171875 0.5453125 0.201171875 0.6328125 0.203125 0.6390625
0 0.3994140625 0.5875 0.400390625 0.4734375 0.3984375 0.4734375 0.3984375 0.4859375 0.396484375 0.4921875 0.396484375 0.5796875 0.3994140625 0.5875
0 0.4189453125 0.565625 0.419921875 0.5578125 0.41796875 0.5515625 0.41796875 0.5015625 0.416015625 0.4953125 0.4150390625 0.48125 0.4140625 0.5265625 0.416015625 0.5328125 0.416015625 0.5640625 0.4189453125 0.565625
0 0.4296875 0.5609375 0.4296875 0.5546875 0.427734375 0.5484375 0.427734375 0.4984375 0.42578125 0.4984375 0.423828125 0.5359375 0.42578125 0.5421875 0.4267578125 0.565625 0.4296875 0.5609375
1 0.2412109375 0.2125 0.2392578125 0.209375 0.2353515625 0.209375 0.234375 0.2234375 0.240234375 0.2359375 0.2646484375 0.28125 0.265625 0.2859375 0.2802734375 0.309375 0.28515625 0.3234375 0.326171875 0.3921875 0.3388671875 0.4125 0.341796875 0.4140625 0.3486328125 0.428125 0.3603515625 0.434375 0.36328125 0.4296875 0.361328125 0.4203125 0.3212890625 0.346875 0.31640625 0.3359375 0.3203125 0.3296875 0.3173828125 0.325 0.3125 0.3234375 0.3017578125 0.30625 0.2890625 0.2765625 0.2802734375 0.2625 0.2685546875 0.2375 0.263671875 0.2234375 0.2568359375 0.2125 0.25390625 0.2015625 0.2392578125 0.178125 0.23828125 0.1796875 0.23828125 0.1828125 0.2421875 0.1890625 0.244140625 0.2078125 0.2412109375 0.2125
1 0.2744140625 0.328125 0.291015625 0.3265625 0.2841796875 0.31875 0.2548828125 0.31875 0.2294921875 0.3125 0.228515625 0.3171875 0.2353515625 0.325 0.2646484375 0.325 0.2744140625 0.328125
1 0.3271484375 0.334375 0.3740234375 0.334375 0.3779296875 0.3375 0.455078125 0.3359375 0.4521484375 0.33125 0.4384765625 0.33125 0.4384765625 0.30625 0.3388671875 0.3125 0.3349609375 0.315625 0.3095703125 0.315625 0.30859375 0.3203125 0.3134765625 0.33125 0.3232421875 0.33125 0.3271484375 0.334375
1 0.2373046875 0.409375 0.25 0.4140625 0.2529296875 0.41875 0.26171875 0.4234375 0.2705078125 0.4375 0.2822265625 0.45 0.296875 0.4609375 0.3017578125 0.46875 0.3134765625 0.478125 0.3330078125 0.490625 0.3369140625 0.490625 0.3466796875 0.496875 0.3525390625 0.496875 0.3564453125 0.5 0.357421875 0.4984375 0.357421875 0.4890625 0.3515625 0.4890625 0.345703125 0.4796875 0.345703125 0.4765625 0.3359375 0.4609375 0.333984375 0.4484375 0.3291015625 0.440625 0.3251953125 0.4375 0.32421875 0.4390625 0.314453125 0.4359375 0.3125 0.4296875 0.314453125 0.4234375 0.3056640625 0.409375 0.2783203125 0.375 0.265625 0.3640625 0.2548828125 0.346875 0.2490234375 0.34375 0.248046875 0.3453125 0.25 0.3484375 0.25 0.3546875 0.2431640625 0.365625 0.2216796875 0.346875 0.220703125 0.3484375 0.220703125 0.3609375 0.21875 0.3671875 0.2197265625 0.39375 0.2373046875 0.409375
1 0.4078125 0.50625 0.01328125 0.05625
1 0.42109375 0.50859375 0.00546875 0.04375
1 0.32782931875 0.49192307656249995 0.396759428125 0.5369770078125 0.39610909375 0.5047461359375001 0.3176415984375 0.425381871875 0.32782931875 0.49192307656249995
1 0.3984934640625 0.4732083796875 0.3627278703125 0.425728484375 0.3553567578125 0.4384441671875 0.39827675625 0.4891505734375 0.3984934640625 0.4732083796875
1 0.75390625 0.3125 0.28828125 0.0484375