0 0.3837890625 0.55 0.3857421875 0.55 0.38671875 0.4796875 0.384765625 0.4734375 0.384765625 0.4609375 0.38671875 0.4546875 0.384765625 0.4453125 0.3828125 0.4453125 0.3828125 0.4578125 0.380859375 0.4640625 0.380859375 0.5453125 0.3837890625 0.55
0 0.28515625 0.5421875 0.28515625 0.5828125 0.2880859375 0.584375 0.291015625 0.5796875 0.291015625 0.4578125 0.29296875 0.4484375 0.30078125 0.2671875 0.30078125 0.2609375 0.2978515625 0.25625 0.294921875 0.2609375 0.29296875 0.3015625 0.291015625 0.3078125 0.2890625 0.3703125 0.287109375 0.3765625 0.287109375 0.4328125 0.28515625 0.4390625 0.28515625 0.5078125 0.283203125 0.5140625 0.283203125 0.5265625 0.28515625 0.5421875
0 0.3125 0.5015625 0.310546875 0.5140625 0.310546875 0.5296875 0.3125 0.5328125 0.310546875 0.5390625 0.3125 0.5453125 0.3125 0.5796875 0.3173828125 0.58125 0.318359375 0.3890625 0.3154296875 0.384375 0.3125 0.3890625 0.3125 0.4828125 0.310546875 0.4890625 0.310546875 0.4984375 0.3125 0.5015625
2 0.021484375 0.0984375 0.0830078125 0.171875 0.08984375 0.1765625 0.1005859375 0.190625 0.138671875 0.2296875 0.1552734375 0.25 0.16796875 0.2609375 0.1845703125 0.28125 0.2626953125 0.3625 0.2705078125 0.365625 0.275390625 0.3640625 0.2646484375 0.35 0.259765625 0.3484375 0.2490234375 0.334375 0.17578125 0.2609375 0.1650390625 0.246875 0.138671875 0.2203125 0.1337890625 0.2125 0.083984375 0.1578125 0.0712890625 0.140625 0.0546875 0.1234375 0.0419921875 0.10625 0.0009765625 0.059375 0.0009765625 0.078125 0.0078125 0.0828125 0.0126953125 0.090625 0.021484375 0.0984375
2 0.1298828125 0.11875 0.1328125 0.1203125 0.1845703125 0.2 0.2529296875 0.296875 0.2666015625 0.3125 0.2744140625 0.325 0.2822265625 0.33125 0.283203125 0.3296875 0.283203125 0.3265625 0.2724609375 0.309375 0.26953125 0.3078125 0.2529296875 0.28125 0.25 0.2796875 0.1787109375 0.175 0.17578125 0.1734375 0.1005859375 0.059375 0.0927734375 0.053125 0.091796875 0.0578125 0.1201171875 0.103125 0.123046875 0.1046875 0.1298828125 0.11875
2 0.1591796875 0.0875 0.16015625 0.0828125 0.15625 0.0703125 0.1396484375 0.05 0.138671875 0.0546875 0.140625 0.0609375 0.1533203125 0.08125 0.1591796875 0.0875
2 0.302734375 0.2890625 0.302734375 0.2953125 0.31640625 0.3390625 0.3447265625 0.390625 0.345703125 0.4046875 0.349609375 0.4171875 0.3583984375 0.43125 0.359375 0.4359375 0.3681640625 0.45 0.3720703125 0.453125 0.3779296875 0.453125 0.37890625 0.4421875 0.365234375 0.4171875 0.361328125 0.4046875 0.3515625 0.3859375 0.349609375 0.3765625 0.345703125 0.3703125 0.34375 0.3609375 0.333984375 0.3390625 0.333984375 0.3328125 0.3515625 0.3078125 0.3583984375 0.309375 0.3603515625 0.3125 0.3662109375 0.3125 0.3681640625 0.315625 0.3798828125 0.315625 0.3935546875 0.321875 0.40234375 0.3203125 0.3935546875 0.3125 0.3857421875 0.309375 0.3603515625 0.303125 0.3486328125 0.296875 0.3408203125 0.296875 0.3310546875 0.290625 0.3232421875 0.290625 0.310546875 0.2671875 0.3056640625 0.259375 0.3046875 0.2609375 0.3056640625 0.271875 0.302734375 0.2765625 0.3046875 0.2859375 0.302734375 0.2890625
2 0.17578125 0.0796875 0.166015625 0.0953125 0.166015625 0.0984375 0.16796875 0.1046875 0.171875 0.1078125 0.17578125 0.1171875 0.1923828125 0.14375 0.1953125 0.1453125 0.2158203125 0.178125 0.21875 0.1796875 0.2314453125 0.2 0.2353515625 0.203125 0.2666015625 0.25 0.275390625 0.2546875 0.2861328125 0.271875 0.2978515625 0.253125 0.30078125 0.2515625 0.30078125 0.2453125 0.294921875 0.2328125 0.2568359375 0.165625 0.255859375 0.1609375 0.2109375 0.0734375 0.1962890625 0.05 0.1884765625 0.053125 0.1875 0.0578125 0.18359375 0.0609375 0.1806640625 0.059375 0.1748046875 0.05 0.169921875 0.0515625 0.169921875 0.0578125 0.171875 0.0609375 0.171875 0.0734375 0.17578125 0.0796875
2 0.310546875 0.4234375 0.3095703125 0.415625 0.2978515625 0.4125 0.296875 0.4171875 0.2998046875 0.421875 0.3056640625 0.425 0.310546875 0.4234375
2 0.3525390625 0.465625 0.357421875 0.4609375 0.3486328125 0.45625 0.3427734375 0.45625 0.3388671875 0.446875 0.3310546875 0.44375 0.330078125 0.4453125 0.3408203125 0.4625 0.3447265625 0.465625 0.3525390625 0.465625
2 0.2646484375 0.4125 0.2685546875 0.415625 0.28125 0.4140625 0.28125 0.4046875 0.2763671875 0.4 0.2587890625 0.39375 0.2509765625 0.3875 0.2431640625 0.3875 0.2314453125 0.38125 0.2236328125 0.38125 0.2158203125 0.371875 0.2099609375 0.371875 0.1669921875 0.35 0.0654296875 0.30625 0.0009765625 0.275 0 0.2890625 0.0048828125 0.29375 0.2587890625 0.4125 0.2646484375 0.4125
