0 0.494140625 0.2783203125 0.4873046875 0.2734375 0.478515625 0.2763671875 0.4609375 0.3134765625 0.462890625 0.3369140625 0.4375 0.5498046875 0.41796875 0.8056640625 0.41015625 0.8427734375 0.408203125 0.9384765625 0.4169921875 0.951171875 0.43359375 0.9521484375 0.439453125 0.9404296875 0.474609375 0.4189453125 0.494140625 0.2958984375 0.494140625 0.2783203125
2 0.4169921875 0.564453125 0.4326171875 0.560546875 0.4375 0.5537109375 0.4091796875 0.552734375 0.0009765625 0.609375 0.0009765625 0.61328125 0.0380859375 0.61328125 0.1767578125 0.59765625 0.4169921875 0.564453125
2 0.443359375 0.5029296875 0.4169921875 0.501953125 0.0009765625 0.568359375 0.0693359375 0.56640625 0.2880859375 0.53515625 0.4365234375 0.51171875 0.443359375 0.5029296875
2 1 0.5673828125 0.9951171875 0.556640625 0.4677734375 0.552734375 0.4716796875 0.560546875 0.4892578125 0.5625 0.5927734375 0.56640625 1 0.5673828125
2 0.9990234375 0.501953125 0.4716796875 0.501953125 0.4755859375 0.509765625 0.6123046875 0.513671875 1 0.5087890625 0.9990234375 0.501953125
2 1 0.4189453125 0.9990234375 0.41015625 0.9716796875 0.408203125 0.8720703125 0.4140625 0.4794921875 0.41015625 0.4765625 0.4150390625 0.4892578125 0.419921875 0.5849609375 0.423828125 1 0.4189453125
2 0.9990234375 0.455078125 0.9189453125 0.458984375 0.9228515625 0.470703125 0.9462890625 0.46484375 1 0.4638671875 0.9990234375 0.455078125
2 0.6025390625 0.453125 0.8173828125 0.4609375 0.8681640625 0.46875 0.880859375 0.4599609375 0.8447265625 0.453125 0.4775390625 0.439453125 0.4775390625 0.447265625 0.5322265625 0.451171875 0.5556640625 0.462890625 0.6025390625 0.453125
2 0.3466796875 0.470703125 0.447265625 0.4423828125 0.4326171875 0.439453125 0.2470703125 0.482421875 0.0048828125 0.529296875 0.0068359375 0.533203125 0.0400390625 0.53125 0.1982421875 0.501953125 0.3466796875 0.470703125
2 0.4482421875 0.419921875 0.451171875 0.4130859375 0.0009765625 0.490234375 0.0029296875 0.5 0.1337890625 0.48046875 0.3603515625 0.439453125 0.4482421875 0.419921875
2 0.3603515625 0.408203125 0.4345703125 0.39453125 0.451171875 0.3857421875 0.0009765625 0.451171875 0.0009765625 0.45703125 0.0185546875 0.45703125 0.1533203125 0.439453125 0.3603515625 0.408203125
2 0.9990234375 0.359375 1 0.3505859375 0.4873046875 0.3828125 0.4912109375 0.388671875 0.5244140625 0.388671875 0.8330078125 0.373046875 0.9990234375 0.359375